Node,SIR,Infected_sum
0,0.02217,0
1,0.00803,0
2,0.01372,0
3,0.01495,0
4,0.00381,0
5,0.00879,0
6,0.00634,0
7,0.00862,0
8,0.00748,0
9,0.00823,0
10,0.00901,0
11,0.00587,0
12,0.00352,0
13,0.00776,0
14,0.00977,0
15,0.00701,0
16,0.00556,0
17,0.00551,0
18,0.00544,0
19,0.00673,0
20,0.00548,0
21,0.00933,0
22,0.00994,0
23,0.00616,0
24,0.00643,0
25,0.00408,0
26,0.0056,0
27,0.00353,0
28,0.00641,0
29,0.00469,0
30,0.00208,0
31,0.00824,0
32,0.00257,0
33,0.00446,0
34,0.00615,0
35,0.0052,0
36,0.00183,0
37,0.00721,0
38,0.00341,0
39,0.00433,0
40,0.00447,0
41,0.00454,0
42,0.00232,0
43,0.00455,0
44,0.00361,0
45,0.0049,0
46,0.00414,0
47,0.00285,0
48,0.0038,0
49,0.00427,0
50,0.008,0
51,0.00288,0
52,0.00332,0
53,0.00479,0
54,0.00333,0
55,0.00498,0
56,0.0069,0
57,0.00281,0
58,0.00835,0
59,0.0014,0
60,0.00422,0
61,0.00478,0
62,0.00588,0
63,0.00173,0
64,0.00471,0
65,0.00334,0
66,0.00207,0
67,0.00443,0
68,0.00118,0
69,0.00238,0
70,0.00232,0
71,0.00206,0
72,0.00842,0
73,0.00231,0
74,0.00388,0
75,0.0019,0
76,0.00366,0
77,0.00499,0
78,0.0016,0
79,0.00664,0
80,0.00329,0
81,0.00358,0
82,0.00152,0
83,0.00323,0
84,0.00259,0
85,0.00185,0
86,0.00335,0
87,0.00189,0
88,0.00099,0
89,0.00183,0
90,0.00501,0
91,0.00321,0
92,0.00266,0
93,0.00179,0
94,0.00228,0
95,0.00179,0
96,0.00349,0
97,0.00144,0
98,0.00205,0
99,0.00483,0
100,0.00316,0
101,0.00212,0
102,0.00156,0
103,0.00187,0
104,0.0063,0
105,0.00234,0
106,0.00487,0
107,0.00274,0
108,0.00128,0
109,0.00156,0
110,0.00207,0
111,0.00309,0
112,0.00102,0
113,0.00221,0
114,0.00393,0
115,0.00153,0
116,0.0029,0
117,0.00365,0
118,0.00056,0
119,0.00207,0
120,0.00258,0
121,0.00398,0
122,0.00443,0
123,0.0011,0
124,0.00221,0
125,0.00195,0
126,0.00548,0
127,0.00211,0
128,0.00314,0
129,0.00211,0
130,0.00313,0
131,0.00316,0
132,0.00208,0
133,0.00426,0
134,0.00302,0
135,0.0011,0
136,0.00235,0
137,0.00222,0
138,0.00385,0
139,0.00147,0
140,0.00411,0
141,0.00225,0
142,0.00204,0
143,0.00108,0
144,0.00128,0
145,0.00184,0
146,0.00127,0
147,0.00229,0
148,0.00323,0
149,0.0037,0
150,0.00166,0
151,0.00245,0
152,0.00421,0
153,0.00227,0
154,0.00277,0
155,0.00206,0
156,0.0027,0
157,0.00204,0
158,0.00433,0
159,0.0011,0
160,0.00355,0
161,0.00101,0
162,0.00042,0
163,0.00285,0
164,0.00441,0
165,0.00145,0
166,0.00243,0
167,0.00366,0
168,0.00333,0
169,0.0021,0
170,0.0038,0
171,0.00432,0
172,0.00449,0
173,0.00217,0
174,0.00145,0
175,0.00415,0
176,0.00222,0
177,0.0006,0
178,0.00344,0
179,0.00188,0
180,0.00099,0
181,0.00141,0
182,0.00289,0
183,0.00308,0
184,0.00253,0
185,0.00104,0
186,0.00045,0
187,0.00083,0
188,0.00262,0
189,0.00343,0
190,0.00171,0
191,0.00146,0
192,0.00113,0
193,0.00292,0
194,0.00312,0
195,0.00397,0
196,0.00198,0
197,0.00371,0
198,0.00144,0
199,0.00216,0
200,0.00182,0
201,0.00176,0
202,0.0024,0
203,0.00146,0
204,0.00228,0
205,0.00154,0
206,0.00178,0
207,0.00276,0
208,0.00179,0
209,0.00199,0
210,0.00065,0
211,0.00118,0
212,0.00076,0
213,0.00174,0
214,0.00325,0
215,0.00087,0
216,0.00147,0
217,0.00368,0
218,0.00312,0
219,0.00236,0
220,0.00274,0
221,0.00188,0
222,0.00206,0
223,0.00107,0
224,0.00089,0
225,0.00274,0
226,0.00346,0
227,0.00159,0
228,0.00496,0
229,0.00137,0
230,0.00273,0
231,0.00109,0
232,0.00231,0
233,0.00451,0
234,0.00274,0
235,0.00045,0
236,0.00289,0
237,0.00277,0
238,0.00234,0
239,0.00297,0
240,0.00183,0
241,0.00245,0
242,0.00131,0
243,0.00198,0
244,0.00204,0
245,0.00279,0
246,0.00575,0
247,0.00184,0
248,0.00153,0
249,0.0016,0
250,0.00187,0
251,0.00288,0
252,0.00286,0
253,0.00392,0
254,0.00148,0
255,0.00105,0
256,0.00206,0
257,0.00212,0
258,0.00161,0
259,0.00138,0
260,0.00145,0
261,0.00071,0
262,0.00481,0
263,0.00113,0
264,0.00075,0
265,0.00145,0
266,0.00162,0
267,0.00138,0
268,0.00128,0
269,0.00074,0
270,0.00234,0
271,0.00153,0
272,0.00123,0
273,0.00066,0
274,0.00131,0
275,0.00075,0
276,0.00438,0
277,0.00093,0
278,0.00306,0
279,0.0018,0
280,0.00117,0
281,0.00186,0
282,0.00113,0
283,0.00366,0
284,0.00059,0
285,0.00253,0
286,0.00295,0
287,0.00162,0
288,0.00227,0
289,0.0011,0
290,0.00272,0
291,0.00034,0
292,0.00287,0
293,0.00158,0
294,0.00178,0
295,0.00185,0
296,0.0011,0
297,0.00205,0
298,0.00122,0
299,0.0013,0
300,0.0009,0
301,0.00314,0
302,0.0016,0
303,0.00324,0
304,0.00293,0
305,0.00363,0
306,0.00077,0
307,0.00102,0
308,0.0018,0
309,0.0014,0
310,0.00265,0
311,0.00357,0
312,0.00099,0
313,0.00272,0
314,0.00236,0
315,0.00232,0
316,0.00199,0
317,0.00121,0
318,0.0008,0
319,0.00147,0
320,0.00122,0
321,0.00051,0
322,0.00281,0
323,0.0011,0
324,0.00097,0
325,0.00097,0
326,0.00091,0
327,0.00239,0
328,0.00096,0
329,0.00111,0
330,0.00153,0
331,0.00353,0
332,0.0025,0
333,0.00085,0
334,0.00115,0
335,0.00228,0
336,0.00176,0
337,0.00176,0
338,0.00141,0
339,0.00138,0
340,0.00196,0
341,0.00284,0
342,0.00074,0
343,0.00109,0
344,0.00275,0
345,0.00177,0
346,0.00133,0
347,0.00201,0
348,0.0008,0
349,0.00321,0
350,0.00155,0
351,0.00123,0
352,0.00273,0
353,0.00192,0
354,0.00236,0
355,0.00118,0
356,0.00064,0
357,0.00129,0
358,0.00049,0
359,0.00122,0
360,0.00176,0
361,0.00474,0
362,0.00297,0
363,0.00139,0
364,0.00114,0
365,0.00347,0
366,0.00286,0
367,0.00095,0
368,0.00533,0
369,0.00251,0
370,0.00237,0
371,0.00094,0
372,0.00143,0
373,0.00133,0
374,0.00146,0
375,0.00135,0
376,0.00159,0
377,0.00239,0
378,0.00063,0
379,0.00313,0
380,0.0029,0
381,0.00225,0
382,0.00107,0
383,0.00041,0
384,0.00191,0
385,0.00099,0
386,0.00255,0
387,0.00505,0
388,0.00043,0
389,0.00108,0
390,0.00146,0
391,0.00069,0
392,0.00046,0
393,0.00038,0
394,0.00068,0
395,0.00156,0
396,0.00086,0
397,0.00161,0
398,0.00124,0
399,0.00103,0
400,0.0015,0
401,0.00235,0
402,0.00108,0
403,0.00502,0
404,0.00176,0
405,0.0016,0
406,0.00153,0
407,0.00312,0
408,0.00041,0
409,0.00186,0
410,0.00267,0
411,0.00242,0
412,0.00091,0
413,0.00152,0
414,0.00115,0
415,0.00111,0
416,0.00278,0
417,0.00215,0
418,0.00096,0
419,0.00078,0
420,0.00081,0
421,0.00153,0
422,0.00279,0
423,0.00133,0
424,0.00066,0
425,0.00147,0
426,0.00107,0
427,0.00099,0
428,0.00255,0
429,0.00112,0
430,0.00092,0
431,0.00108,0
432,0.00112,0
433,0.00282,0
434,0.00175,0
435,0.00072,0
436,0.00309,0
437,0.00105,0
438,0.00147,0
439,0.00073,0
440,0.00058,0
441,0.00126,0
442,0.00123,0
443,0.00183,0
444,0.00396,0
445,0.00067,0
446,0.00199,0
447,0.00122,0
448,0.00123,0
449,0.00499,0
450,0.00266,0
451,0.00197,0
452,0.00186,0
453,0.00194,0
454,0.00164,0
455,0.00185,0
456,0.00101,0
457,0.00149,0
458,0.00137,0
459,0.00163,0
460,0.00193,0
461,0.00262,0
462,0.00235,0
463,0.00162,0
464,0.00114,0
465,0.00186,0
466,0.00137,0
467,0.00184,0
468,0.00142,0
469,0.00104,0
470,0.00065,0
471,0.0017,0
472,0.00089,0
473,0.00048,0
474,0.00259,0
475,0.00139,0
476,0.00352,0
477,0.00084,0
478,0.00412,0
479,0.00078,0
480,0.00227,0
481,0.00153,0
482,0.00324,0
483,0.00139,0
484,0.00119,0
485,0.00357,0
486,0.00186,0
487,0.00043,0
488,0.00131,0
489,0.0012,0
490,0.00093,0
491,0.0009,0
492,0.00133,0
493,0.00151,0
494,0.0021,0
495,0.00275,0
496,0.00072,0
497,0.00128,0
498,0.00114,0
499,0.00103,0
500,0.00446,0
501,0.00171,0
502,0.00231,0
503,0.0021,0
504,0.0011,0
505,0.00141,0
506,0.00092,0
507,0.00075,0
508,0.00182,0
509,0.00265,0
510,0.00215,0
511,0.00152,0
512,0.00106,0
513,0.00062,0
514,0.00147,0
515,0.00117,0
516,0.00102,0
517,0.00209,0
518,0.00197,0
519,0.00348,0
520,0.00134,0
521,0.00078,0
522,0.00223,0
523,0.00064,0
524,0.00094,0
525,0.00226,0
526,0.00214,0
527,0.00482,0
528,0.00142,0
529,0.00111,0
530,0.00037,0
531,0.00084,0
532,0.00227,0
533,0.00087,0
534,0.0009,0
535,0.00164,0
536,0.00191,0
537,0.00072,0
538,0.00152,0
539,0.00092,0
540,0.00064,0
541,0.00155,0
542,0.00056,0
543,0.0018,0
544,0.00044,0
545,0.00061,0
546,0.00144,0
547,0.00077,0
548,0.00057,0
549,0.00139,0
550,0.00104,0
551,0.00233,0
552,0.00326,0
553,0.00296,0
554,0.00106,0
555,0.00138,0
556,0.00153,0
557,0.00319,0
558,0.00259,0
559,0.00045,0
560,0.0004,0
561,0.00253,0
562,0.00054,0
563,0.00121,0
564,0.00273,0
565,0.00061,0
566,0.00028,0
567,0.00093,0
568,0.00169,0
569,0.00088,0
570,0.00202,0
571,0.00151,0
572,0.0004,0
573,0.00058,0
574,0.00188,0
575,0.00226,0
576,0.00113,0
577,0.00098,0
578,0.00144,0
579,0.00102,0
580,0.0006,0
581,0.00244,0
582,0.00051,0
583,0.00121,0
584,0.00151,0
585,0.00064,0
586,0.00228,0
587,0.00072,0
588,0.00229,0
589,0.00101,0
590,0.00095,0
591,0.00216,0
592,0.00248,0
593,0.00097,0
594,0.00044,0
595,0.00264,0
596,0.00305,0
597,0.00093,0
598,0.00209,0
599,0.00232,0
600,0.00064,0
601,0.00062,0
602,0.00121,0
603,0.00032,0
604,0.00045,0
605,0.00119,0
606,0.00097,0
607,0.00065,0
608,0.00112,0
609,0.00169,0
610,0.00047,0
611,0.00167,0
612,0.00104,0
613,0.00088,0
614,0.00064,0
615,0.00105,0
616,0.0003,0
617,0.00306,0
618,0.00224,0
619,0.00133,0
620,0.00127,0
621,0.00096,0
622,0.00088,0
623,0.00177,0
624,0.00056,0
625,0.00105,0
626,0.00057,0
627,0.00072,0
628,0.00117,0
629,0.00159,0
630,0.00083,0
631,0.00167,0
632,0.00153,0
633,0.00357,0
634,0.00479,0
635,0.0006,0
636,0.00157,0
637,0.00085,0
638,0.00314,0
639,0.00186,0
640,0.00177,0
641,0.00167,0
642,0.00139,0
643,0.00055,0
644,0.00046,0
645,0.00058,0
646,0.00169,0
647,0.00106,0
648,0.00034,0
649,0.00152,0
650,0.00141,0
651,0.00055,0
652,0.00326,0
653,0.00128,0
654,0.00348,0
655,0.00108,0
656,0.00108,0
657,0.0025,0
658,0.00038,0
659,0.00333,0
660,0.00131,0
661,0.00092,0
662,0.00151,0
663,0.00085,0
664,0.00232,0
665,0.00168,0
666,0.00286,0
667,0.00261,0
668,0.00233,0
669,0.00118,0
670,0.00075,0
671,0.00325,0
672,0.00134,0
673,0.00235,0
674,0.00169,0
675,0.00239,0
676,0.00173,0
677,0.00184,0
678,0.00112,0
679,0.00062,0
680,0.00093,0
681,0.00154,0
682,0.00103,0
683,0.00113,0
684,0.00065,0
685,0.00155,0
686,0.0007,0
687,0.00127,0
688,0.0006,0
689,0.00158,0
690,0.00257,0
691,0.00198,0
692,0.00252,0
693,0.00115,0
694,0.00047,0
695,0.00107,0
696,0.0009,0
697,0.00222,0
698,0.00252,0
699,0.00092,0
700,0.00096,0
701,0.00059,0
702,0.00189,0
703,0.00141,0
704,0.00268,0
705,0.00042,0
706,0.00055,0
707,0.00137,0
708,0.00069,0
709,0.00074,0
710,0.00027,0
711,0.00129,0
712,0.00059,0
713,0.00065,0
714,0.00101,0
715,0.00192,0
716,0.00033,0
717,0.00253,0
718,0.00104,0
719,0.00361,0
720,0.00205,0
721,0.00053,0
722,0.00076,0
723,0.00222,0
724,0.00224,0
725,0.00083,0
726,0.00153,0
727,0.00111,0
728,0.00037,0
729,0.00067,0
730,0.00182,0
731,0.00234,0
732,0.00094,0
733,0.00057,0
734,0.00127,0
735,0.00219,0
736,0.00034,0
737,0.00307,0
738,0.00139,0
739,0.00111,0
740,0.00135,0
741,0.00053,0
742,0.00282,0
743,0.00101,0
744,0.00102,0
745,0.00036,0
746,0.00107,0
747,0.00211,0
748,0.00081,0
749,0.00241,0
750,0.00082,0
751,0.00047,0
752,0.00125,0
753,0.00107,0
754,0.00088,0
755,0.00116,0
756,0.00078,0
757,0.00092,0
758,0.00109,0
759,0.00063,0
760,0.00058,0
761,0.00058,0
762,0.00047,0
763,0.00118,0
764,0.00137,0
765,0.00096,0
766,0.00128,0
767,0.00102,0
768,0.00058,0
769,0.00127,0
770,0.00062,0
771,0.00139,0
772,0.00051,0
773,0.00063,0
774,0.00089,0
775,0.00228,0
776,0.00077,0
777,0.00028,0
778,0.0009,0
779,0.00181,0
780,0.00156,0
781,0.00193,0
782,0.00238,0
783,0.00146,0
784,0.00111,0
785,0.00252,0
786,0.00041,0
787,0.00136,0
788,0.00086,0
789,0.00062,0
790,0.00067,0
791,0.00146,0
792,0.00043,0
793,0.00167,0
794,0.00328,0
795,0.00052,0
796,0.00149,0
797,0.00075,0
798,0.00121,0
799,0.00028,0
800,0.00063,0
801,0.00257,0
802,0.00265,0
803,0.00064,0
804,0.0012,0
805,0.00049,0
806,0.00195,0
807,0.00159,0
808,0.00143,0
809,0.0007,0
810,0.00054,0
811,0.00315,0
812,0.00091,0
813,0.00076,0
814,0.00061,0
815,0.00155,0
816,0.00252,0
817,0.00092,0
818,0.00125,0
819,0.00137,0
820,0.0012,0
821,0.00155,0
822,0.00085,0
823,0.0012,0
824,0.00141,0
825,0.0011,0
826,0.00271,0
827,0.00168,0
828,0.0011,0
829,0.00138,0
830,0.00057,0
831,0.00075,0
832,0.0034,0
833,0.00181,0
834,0.00032,0
835,0.00159,0
836,0.00057,0
837,0.00074,0
838,0.0014,0
839,0.00059,0
840,0.00111,0
841,0.00284,0
842,0.00077,0
843,0.00052,0
844,0.00062,0
845,0.00069,0
846,0.00218,0
847,0.00062,0
848,0.00055,0
849,0.00042,0
850,0.00049,0
851,0.00134,0
852,0.00361,0
853,0.00053,0
854,0.00119,0
855,0.00043,0
856,0.00219,0
857,0.00057,0
858,0.00105,0
859,0.00361,0
860,0.0011,0
861,0.00113,0
862,0.00104,0
863,0.00066,0
864,0.00103,0
865,0.00034,0
866,0.00055,0
867,0.00038,0
868,0.00103,0
869,0.00053,0
870,0.00027,0
871,0.00061,0
872,0.00089,0
873,0.0009,0
874,0.00045,0
875,0.00072,0
876,0.00133,0
877,0.00126,0
878,0.00088,0
879,0.00085,0
880,0.00239,0
881,0.00351,0
882,0.00034,0
883,0.00042,0
884,0.00239,0
885,0.00336,0
886,0.00156,0
887,0.00039,0
888,0.00265,0
889,0.00276,0
890,0.00055,0
891,0.00196,0
892,0.00228,0
893,0.00099,0
894,0.00042,0
895,0.00193,0
896,0.00047,0
897,0.00049,0
898,0.00095,0
899,0.00101,0
900,0.00133,0
901,0.00177,0
902,0.00127,0
903,0.00087,0
904,0.00128,0
905,0.00211,0
906,0.00068,0
907,0.00032,0
908,0.00064,0
909,0.00066,0
910,0.00082,0
911,0.0017,0
912,0.00324,0
913,0.00112,0
914,0.00074,0
915,0.0004,0
916,0.00069,0
917,0.00122,0
918,0.0016,0
919,0.00112,0
920,0.00131,0
921,0.00222,0
922,0.00046,0
923,0.00122,0
924,0.00036,0
925,0.00149,0
926,0.00111,0
927,0.00106,0
928,0.00041,0
929,0.00136,0
930,0.0004,0
931,0.00249,0
932,0.00299,0
933,0.00051,0
934,0.00076,0
935,0.00046,0
936,0.00048,0
937,0.00068,0
938,0.0012,0
939,0.00112,0
940,0.00061,0
941,0.00348,0
942,0.00079,0
943,0.00076,0
944,0.00057,0
945,0.00137,0
946,0.0008,0
947,0.00234,0
948,0.00271,0
949,0.00053,0
950,0.00161,0
951,0.00117,0
952,0.00056,0
953,0.00062,0
954,0.00277,0
955,0.00105,0
956,0.00088,0
957,0.00166,0
958,0.00108,0
959,0.00068,0
960,0.00253,0
961,0.00047,0
962,0.0006,0
963,0.00186,0
964,0.00186,0
965,0.00158,0
966,0.00094,0
967,0.0003,0
968,0.00281,0
969,0.00318,0
970,0.0039,0
971,0.00114,0
972,0.0004,0
973,0.00193,0
974,0.0005,0
975,0.00159,0
976,0.00165,0
977,0.00024,0
978,0.00146,0
979,0.00112,0
980,0.00029,0
981,0.00188,0
982,0.0011,0
983,0.00107,0
984,0.00062,0
985,0.00271,0
986,0.00167,0
987,0.00181,0
988,0.00155,0
989,0.00081,0
990,0.00204,0
991,0.00041,0
992,0.0023,0
993,0.00071,0
994,0.00061,0
995,0.00125,0
996,0.00106,0
997,0.00046,0
998,0.00204,0
999,0.00065,0
1000,0.00129,0
1001,0.00272,0
1002,0.00073,0
1003,0.00295,0
1004,0.00117,0
1005,0.00173,0
1006,0.00072,0
1007,0.0014,0
1008,0.00201,0
1009,0.00115,0
1010,0.00265,0
1011,0.00086,0
1012,0.00109,0
1013,0.00076,0
1014,0.00128,0
1015,0.00285,0
1016,0.00093,0
1017,0.00091,0
1018,0.00035,0
1019,0.0033,0
1020,0.00109,0
1021,0.00084,0
1022,0.00089,0
1023,0.00023,0
1024,0.00097,0
1025,0.0004,0
1026,0.00286,0
1027,0.00045,0
1028,0.00068,0
1029,0.0018,0
1030,0.00084,0
1031,0.00051,0
1032,0.00402,0
1033,0.00121,0
1034,0.00369,0
1035,0.0009,0
1036,0.00026,0
1037,0.00066,0
1038,0.00166,0
1039,0.00071,0
1040,0.00035,0
1041,0.00049,0
1042,0.00103,0
1043,0.00238,0
1044,0.00138,0
1045,0.00096,0
1046,0.0007,0
1047,0.00108,0
1048,0.00095,0
1049,0.00058,0
1050,0.00112,0
1051,0.00125,0
1052,0.002,0
1053,0.00242,0
1054,0.00226,0
1055,0.00421,0
1056,0.00066,0
1057,0.00097,0
1058,0.00037,0
1059,0.00034,0
1060,0.00096,0
1061,0.00029,0
1062,0.00121,0
1063,0.0005,0
1064,0.00053,0
1065,0.00056,0
1066,0.0009,0
1067,0.00086,0
1068,0.00188,0
1069,0.00223,0
1070,0.00062,0
1071,0.00059,0
1072,0.00085,0
1073,0.00122,0
1074,0.00135,0
1075,0.00091,0
1076,0.00045,0
1077,0.0005,0
1078,0.00077,0
1079,0.00045,0
1080,0.00052,0
1081,0.00101,0
1082,0.00044,0
1083,0.00041,0
1084,0.00137,0
1085,0.00054,0
1086,0.00121,0
1087,0.00098,0
1088,0.00121,0
1089,0.00075,0
1090,0.00127,0
1091,0.0003,0
1092,0.00038,0
1093,0.00141,0
1094,0.00116,0
1095,0.00271,0
1096,0.00119,0
1097,0.00109,0
1098,0.00035,0
1099,0.00183,0
1100,0.00046,0
1101,0.00136,0
1102,0.00043,0
1103,0.0005,0
1104,0.00066,0
1105,0.0005,0
1106,0.00108,0
1107,0.0011,0
1108,0.00083,0
1109,0.00099,0
1110,0.00148,0
1111,0.00101,0
1112,0.00111,0
1113,0.00061,0
1114,0.00054,0
1115,0.00042,0
1116,0.00048,0
1117,0.00262,0
1118,0.00144,0
1119,0.00159,0
1120,0.00125,0
1121,0.00099,0
1122,0.00312,0
1123,0.00052,0
1124,0.00124,0
1125,0.00104,0
1126,0.00082,0
1127,0.00084,0
1128,0.00291,0
1129,0.00052,0
1130,0.0005,0
1131,0.00053,0
1132,0.00095,0
1133,0.00047,0
1134,0.00084,0
1135,0.00081,0
1136,0.00051,0
1137,0.00055,0
1138,0.0006,0
1139,0.00069,0
1140,0.00039,0
1141,0.00101,0
1142,0.00245,0
1143,0.00227,0
1144,0.00126,0
1145,0.0006,0
1146,0.00033,0
1147,0.00195,0
1148,0.00077,0
1149,0.00057,0
1150,0.00172,0
1151,0.0026,0
1152,0.00081,0
1153,0.00104,0
1154,0.00068,0
1155,0.00227,0
1156,0.00048,0
1157,0.00038,0
1158,0.00035,0
1159,0.0009,0
1160,0.00057,0
1161,0.00188,0
1162,0.00167,0
1163,0.00072,0
1164,0.00069,0
1165,0.00066,0
1166,0.0009,0
1167,0.00032,0
1168,0.0009,0
1169,0.0017,0
1170,0.00069,0
1171,0.00035,0
1172,0.00102,0
1173,0.00036,0
1174,0.00202,0
1175,0.00041,0
1176,0.00105,0
1177,0.00231,0
1178,0.00026,0
1179,0.00069,0
1180,0.00077,0
1181,0.00138,0
1182,0.00038,0
1183,0.00241,0
1184,0.00094,0
1185,0.00072,0
1186,0.00197,0
1187,0.00089,0
1188,0.00164,0
1189,0.0004,0
1190,0.00037,0
1191,0.00039,0
1192,0.00095,0
1193,0.00073,0
1194,0.00069,0
1195,0.00102,0
1196,0.00102,0
1197,0.00032,0
1198,0.00126,0
1199,0.00131,0
1200,0.00222,0
1201,0.00218,0
1202,0.00041,0
1203,0.00045,0
1204,0.00227,0
1205,0.00054,0
1206,0.00035,0
1207,0.00186,0
1208,0.004,0
1209,0.00308,0
1210,0.00034,0
1211,0.00043,0
1212,0.0022,0
1213,0.00344,0
1214,0.00089,0
1215,0.00275,0
1216,0.00075,0
1217,0.00052,0
1218,0.001,0
1219,0.00136,0
1220,0.00054,0
1221,0.00095,0
1222,0.00039,0
1223,0.00042,0
1224,0.00031,0
1225,0.00037,0
1226,0.00119,0
1227,0.00115,0
1228,0.00111,0
1229,0.00033,0
1230,0.00082,0
1231,0.00097,0
1232,0.00078,0
1233,0.00118,0
1234,0.00052,0
1235,0.0004,0
1236,0.0006,0
1237,0.00032,0
1238,0.00092,0
1239,0.00059,0
1240,0.00082,0
1241,0.00042,0
1242,0.00161,0
1243,0.00107,0
1244,0.00147,0
1245,0.00091,0
1246,0.00059,0
1247,0.00155,0
1248,0.00082,0
1249,0.00054,0
1250,0.00027,0
1251,0.00366,0
1252,0.0007,0
1253,0.00023,0
1254,0.00104,0
1255,0.00052,0
1256,0.00113,0
1257,0.00117,0
1258,0.00049,0
1259,0.00029,0
1260,0.00111,0
1261,0.00124,0
1262,0.00047,0
1263,0.00098,0
1264,0.00097,0
1265,0.00119,0
1266,0.00119,0
1267,0.00164,0
1268,0.00072,0
1269,0.00219,0
1270,0.00056,0
1271,0.00125,0
1272,0.0006,0
1273,0.00032,0
1274,0.00056,0
1275,0.00142,0
1276,0.00055,0
1277,0.00087,0
1278,0.00053,0
1279,0.00095,0
1280,0.00297,0
1281,0.00042,0
1282,0.00036,0
1283,0.00104,0
1284,0.00057,0
1285,0.00127,0
1286,0.00072,0
1287,0.00267,0
1288,0.00031,0
1289,0.00066,0
1290,0.00069,0
1291,0.00181,0
1292,0.00067,0
1293,0.00299,0
1294,0.00147,0
1295,0.00036,0
1296,0.00093,0
1297,0.00078,0
1298,0.00208,0
1299,0.0015,0
1300,0.00044,0
1301,0.00359,0
1302,0.00049,0
1303,0.00086,0
1304,0.00064,0
1305,0.001,0
1306,0.00116,0
1307,0.00099,0
1308,0.00097,0
1309,0.00182,0
1310,0.00147,0
1311,0.00062,0
1312,0.00025,0
1313,0.00276,0
1314,0.00098,0
1315,0.00083,0
1316,0.00068,0
1317,0.00036,0
1318,0.00224,0
1319,0.00198,0
1320,0.00125,0
1321,0.00184,0
1322,0.00064,0
1323,0.00089,0
1324,0.00076,0
1325,0.00059,0
1326,0.0004,0
1327,0.00042,0
1328,0.00067,0
1329,0.00026,0
1330,0.00056,0
1331,0.00042,0
1332,0.00099,0
1333,0.00091,0
1334,0.00032,0
1335,0.00393,0
1336,0.00065,0
1337,0.00064,0
1338,0.00081,0
1339,0.00156,0
1340,0.00099,0
1341,0.00024,0
1342,0.00161,0
1343,0.00099,0
1344,0.00166,0
1345,0.00075,0
1346,0.0005,0
1347,0.00132,0
1348,0.00134,0
1349,0.00281,0
1350,0.00068,0
1351,0.00036,0
1352,0.00126,0
1353,0.00271,0
1354,0.00122,0
1355,0.00083,0
1356,0.00029,0
1357,0.00208,0
1358,0.00043,0
1359,0.00093,0
1360,0.00229,0
1361,0.00239,0
1362,0.00062,0
1363,0.00277,0
1364,0.00127,0
1365,0.00256,0
1366,0.00049,0
1367,0.00149,0
1368,0.00353,0
1369,0.00264,0
1370,0.00042,0
1371,0.00064,0
1372,0.00076,0
1373,0.00076,0
1374,0.00083,0
1375,0.00024,0
1376,0.00227,0
1377,0.00207,0
1378,0.00273,0
1379,0.00157,0
1380,0.00112,0
1381,0.00108,0
1382,0.00439,0
1383,0.00096,0
1384,0.00043,0
1385,0.00193,0
1386,0.00054,0
1387,0.00029,0
1388,0.00026,0
1389,0.00214,0
1390,0.00036,0
1391,0.00156,0
1392,0.00139,0
1393,0.00156,0
1394,0.0005,0
1395,0.00145,0
1396,0.00055,0
1397,0.00149,0
1398,0.00047,0
1399,0.00074,0
1400,0.0005,0
1401,0.00122,0
1402,0.0016,0
1403,0.00072,0
1404,0.00046,0
1405,0.00039,0
1406,0.00151,0
1407,0.0012,0
1408,0.00087,0
1409,0.00106,0
1410,0.0002,0
1411,0.00035,0
1412,0.00097,0
1413,0.0006,0
1414,0.00074,0
1415,0.00178,0
1416,0.00078,0
1417,0.00048,0
1418,0.00144,0
1419,0.00073,0
1420,0.00402,0
1421,0.00106,0
1422,0.00079,0
1423,0.002,0
1424,0.00055,0
1425,0.00089,0
1426,0.00042,0
1427,0.00106,0
1428,0.00127,0
1429,0.00048,0
1430,0.00028,0
1431,0.00212,0
1432,0.00066,0
1433,0.0008,0
1434,0.00138,0
1435,0.0003,0
1436,0.00058,0
1437,0.00298,0
1438,0.00088,0
1439,0.00072,0
1440,0.0004,0
1441,0.00048,0
1442,0.00046,0
1443,0.00399,0
1444,0.00151,0
1445,0.00073,0
1446,0.00066,0
1447,0.00132,0
1448,0.0004,0
1449,0.00139,0
1450,0.00057,0
1451,0.0014,0
1452,0.00218,0
1453,0.00052,0
1454,0.00117,0
1455,0.00132,0
1456,0.00129,0
1457,0.00095,0
1458,0.00055,0
1459,0.00057,0
1460,0.00028,0
1461,0.00119,0
1462,0.00035,0
1463,0.00063,0
1464,0.00083,0
1465,0.00026,0
1466,0.0003,0
1467,0.00091,0
1468,0.00083,0
1469,0.00034,0
1470,0.00074,0
1471,0.001,0
1472,0.00081,0
1473,0.00113,0
1474,0.0006,0
1475,0.00075,0
1476,0.00052,0
1477,0.00251,0
1478,0.00036,0
1479,0.00082,0
1480,0.00114,0
1481,0.00032,0
1482,0.00075,0
1483,0.00076,0
1484,0.00071,0
1485,0.00069,0
1486,0.00049,0
1487,0.00081,0
1488,0.00113,0
1489,0.00196,0
1490,0.00098,0
1491,0.00049,0
1492,0.00327,0
1493,0.00168,0
1494,0.00134,0
1495,0.00198,0
1496,0.00027,0
1497,0.00029,0
1498,0.0007,0
1499,0.00088,0
1500,0.00128,0
1501,0.00028,0
1502,0.00029,0
1503,0.00086,0
1504,0.00047,0
1505,0.00029,0
1506,0.0004,0
1507,0.00058,0
1508,0.00113,0
1509,0.00125,0
1510,0.00087,0
1511,0.00059,0
1512,0.00052,0
1513,0.00058,0
1514,0.00082,0
1515,0.00103,0
1516,0.00145,0
1517,0.00037,0
1518,0.00069,0
1519,0.00094,0
1520,0.00046,0
1521,0.00032,0
1522,0.00046,0
1523,0.00057,0
1524,0.00056,0
1525,0.00161,0
1526,0.00223,0
1527,0.00094,0
1528,0.00107,0
1529,0.00033,0
1530,0.00145,0
1531,0.00055,0
1532,0.00202,0
1533,0.00081,0
1534,0.00085,0
1535,0.00077,0
1536,0.00065,0
1537,0.00217,0
1538,0.00109,0
1539,0.00086,0
1540,0.00133,0
1541,0.00037,0
1542,0.00374,0
1543,0.00028,0
1544,0.00028,0
1545,0.00071,0
1546,0.00069,0
1547,0.00091,0
1548,0.00051,0
1549,0.00043,0
1550,0.00025,0
1551,0.00055,0
1552,0.00077,0
1553,0.00127,0
1554,0.00079,0
1555,0.00181,0
1556,0.00155,0
1557,0.00228,0
1558,0.00042,0
1559,0.00161,0
1560,0.00158,0
1561,0.00027,0
1562,0.00034,0
1563,0.00093,0
1564,0.0008,0
1565,0.00145,0
1566,0.0004,0
1567,0.0004,0
1568,0.00181,0
1569,0.00207,0
1570,0.00062,0
1571,0.00119,0
1572,0.00034,0
1573,0.00166,0
1574,0.00098,0
1575,0.00097,0
1576,0.00075,0
1577,0.00159,0
1578,0.00137,0
1579,0.00048,0
1580,0.00218,0
1581,0.00033,0
1582,0.00096,0
1583,0.00097,0
1584,0.00226,0
1585,0.0007,0
1586,0.00077,0
1587,0.00063,0
1588,0.00036,0
1589,0.00172,0
1590,0.00101,0
1591,0.00126,0
1592,0.00094,0
1593,0.00074,0
1594,0.00042,0
1595,0.00141,0
1596,0.00069,0
1597,0.00062,0
1598,0.00061,0
1599,0.00129,0
1600,0.00032,0
1601,0.00106,0
1602,0.00123,0
1603,0.00083,0
1604,0.00074,0
1605,0.00045,0
1606,0.00048,0
1607,0.00056,0
1608,0.00072,0
1609,0.00068,0
1610,0.00052,0
1611,0.00106,0
1612,0.00119,0
1613,0.00177,0
1614,0.00098,0
1615,0.00115,0
1616,0.00033,0
1617,0.00152,0
1618,0.00052,0
1619,0.00074,0
1620,0.0005,0
1621,0.0007,0
1622,0.00281,0
1623,0.00131,0
1624,0.00149,0
1625,0.00068,0
1626,0.00072,0
1627,0.00101,0
1628,0.00097,0
1629,0.00074,0
1630,0.00129,0
1631,0.00113,0
1632,0.00046,0
1633,0.00078,0
1634,0.00038,0
1635,0.00262,0
1636,0.00025,0
1637,0.0007,0
1638,0.00039,0
1639,0.00025,0
1640,0.00048,0
1641,0.00139,0
1642,0.00038,0
1643,0.00044,0
1644,0.00064,0
1645,0.00282,0
1646,0.00044,0
1647,0.00138,0
1648,0.00058,0
1649,0.0014,0
1650,0.00082,0
1651,0.00076,0
1652,0.00053,0
1653,0.001,0
1654,0.00055,0
1655,0.00286,0
1656,0.00033,0
1657,0.00206,0
1658,0.00098,0
1659,0.00069,0
1660,0.00027,0
1661,0.00075,0
1662,0.00127,0
1663,0.00154,0
1664,0.00035,0
1665,0.0009,0
1666,0.00051,0
1667,0.0007,0
1668,0.00052,0
1669,0.00037,0
1670,0.00022,0
1671,0.00031,0
1672,0.00313,0
1673,0.00185,0
1674,0.00142,0
1675,0.0003,0
1676,0.00036,0
1677,0.0005,0
1678,0.00029,0
1679,0.001,0
1680,0.00068,0
1681,0.00225,0
1682,0.00077,0
1683,0.00067,0
1684,0.00266,0
1685,0.00093,0
1686,0.00042,0
1687,0.00037,0
1688,0.00158,0
1689,0.0012,0
1690,0.00022,0
1691,0.0003,0
1692,0.00055,0
1693,0.00043,0
1694,0.00125,0
1695,0.00025,0
1696,0.00142,0
1697,0.00026,0
1698,0.00026,0
1699,0.00054,0
1700,0.00083,0
1701,0.00075,0
1702,0.00037,0
1703,0.00152,0
1704,0.00047,0
1705,0.00207,0
1706,0.00356,0
1707,0.00049,0
1708,0.00122,0
1709,0.00047,0
1710,0.00228,0
1711,0.00035,0
1712,0.0003,0
1713,0.00042,0
1714,0.0003,0
1715,0.00037,0
1716,0.00059,0
1717,0.00024,0
1718,0.00059,0
1719,0.00089,0
1720,0.00065,0
1721,0.00048,0
1722,0.00054,0
1723,0.0007,0
1724,0.00094,0
1725,0.00026,0
1726,0.00091,0
1727,0.00038,0
1728,0.00081,0
1729,0.00046,0
1730,0.00055,0
1731,0.00046,0
1732,0.0008,0
1733,0.00033,0
1734,0.00062,0
1735,0.00029,0
1736,0.00086,0
1737,0.00256,0
1738,0.00363,0
1739,0.00028,0
1740,0.00046,0
1741,0.00219,0
1742,0.00101,0
1743,0.00025,0
1744,0.00058,0
1745,0.00126,0
1746,0.00033,0
1747,0.0006,0
1748,0.0009,0
1749,0.00025,0
1750,0.00147,0
1751,0.00056,0
1752,0.00327,0
1753,0.00076,0
1754,0.00127,0
1755,0.00164,0
1756,0.0003,0
1757,0.00082,0
1758,0.00033,0
1759,0.00074,0
1760,0.00053,0
1761,0.00049,0
1762,0.00098,0
1763,0.00125,0
1764,0.00039,0
1765,0.00126,0
1766,0.00197,0
1767,0.0007,0
1768,0.00068,0
1769,0.00104,0
1770,0.00119,0
1771,0.00026,0
1772,0.00057,0
1773,0.00084,0
1774,0.00242,0
1775,0.00022,0
1776,0.00031,0
1777,0.00085,0
1778,0.00028,0
1779,0.00352,0
1780,0.00316,0
1781,0.00218,0
1782,0.00056,0
1783,0.00117,0
1784,0.0004,0
1785,0.0004,0
1786,0.00039,0
1787,0.00096,0
1788,0.00032,0
1789,0.00095,0
1790,0.00078,0
1791,0.00093,0
1792,0.0005,0
1793,0.0008,0
1794,0.00035,0
1795,0.0006,0
1796,0.00055,0
1797,0.00243,0
1798,0.00115,0
1799,0.00094,0
1800,0.00054,0
1801,0.00067,0
1802,0.00104,0
1803,0.00187,0
1804,0.00356,0
1805,0.0003,0
1806,0.00027,0
1807,0.00097,0
1808,0.00377,0
1809,0.00025,0
1810,0.00064,0
1811,0.00073,0
1812,0.00046,0
1813,0.00063,0
1814,0.00073,0
1815,0.00088,0
1816,0.00059,0
1817,0.0003,0
1818,0.00058,0
1819,0.00246,0
1820,0.00364,0
1821,0.00147,0
1822,0.00036,0
1823,0.0003,0
1824,0.00049,0
1825,0.00097,0
1826,0.00128,0
1827,0.00167,0
1828,0.00125,0
1829,0.00044,0
1830,0.00047,0
1831,0.00046,0
1832,0.00075,0
1833,0.00071,0
1834,0.00107,0
1835,0.00173,0
1836,0.00063,0
1837,0.00264,0
1838,0.00128,0
1839,0.00097,0
1840,0.00024,0
1841,0.00091,0
1842,0.00049,0
1843,0.0007,0
1844,0.0003,0
1845,0.0002,0
1846,0.00027,0
1847,0.0008,0
1848,0.00088,0
1849,0.00087,0
1850,0.00159,0
1851,0.00071,0
1852,0.0003,0
1853,0.00055,0
1854,0.00071,0
1855,0.00065,0
1856,0.00056,0
1857,0.0014,0
1858,0.0011,0
1859,0.0004,0
1860,0.00279,0
1861,0.00115,0
1862,0.00046,0
1863,0.00053,0
1864,0.00073,0
1865,0.00044,0
1866,0.0004,0
1867,0.00175,0
1868,0.0003,0
1869,0.00085,0
1870,0.00082,0
1871,0.00238,0
1872,0.00063,0
1873,0.00185,0
1874,0.00101,0
1875,0.00043,0
1876,0.00036,0
1877,0.00035,0
1878,0.00071,0
1879,0.00077,0
1880,0.00127,0
1881,0.00035,0
1882,0.00112,0
1883,0.00102,0
1884,0.00047,0
1885,0.00022,0
1886,0.00097,0
1887,0.00148,0
1888,0.001,0
1889,0.00052,0
1890,0.00108,0
1891,0.00131,0
1892,0.00026,0
1893,0.00155,0
1894,0.00061,0
1895,0.00072,0
1896,0.00065,0
1897,0.00089,0
1898,0.00322,0
1899,0.00167,0
1900,0.00035,0
1901,0.00133,0
1902,0.00031,0
1903,0.00039,0
1904,0.00026,0
1905,0.00064,0
1906,0.00033,0
1907,0.0005,0
1908,0.00118,0
1909,0.00048,0
1910,0.00075,0
1911,0.00297,0
1912,0.00088,0
1913,0.00168,0
1914,0.00227,0
1915,0.00024,0
1916,0.00161,0
1917,0.00136,0
1918,0.00061,0
1919,0.00028,0
1920,0.00085,0
1921,0.00025,0
1922,0.00089,0
1923,0.00034,0
1924,0.00042,0
1925,0.00025,0
1926,0.00062,0
1927,0.00081,0
1928,0.00055,0
1929,0.00212,0
1930,0.00026,0
1931,0.00093,0
1932,0.00065,0
1933,0.0005,0
1934,0.00168,0
1935,0.00026,0
1936,0.00038,0
1937,0.00095,0
1938,0.00066,0
1939,0.00075,0
1940,0.00059,0
1941,0.00077,0
1942,0.00135,0
1943,0.00208,0
1944,0.00064,0
1945,0.00109,0
1946,0.00092,0
1947,0.00047,0
1948,0.00096,0
1949,0.00182,0
1950,0.00039,0
1951,0.00096,0
1952,0.00117,0
1953,0.00104,0
1954,0.00068,0
1955,0.00054,0
1956,0.00059,0
1957,0.00032,0
1958,0.00184,0
1959,0.00023,0
1960,0.00084,0
1961,0.00057,0
1962,0.00034,0
1963,0.00026,0
1964,0.00233,0
1965,0.00054,0
1966,0.0009,0
1967,0.00056,0
1968,0.00059,0
1969,0.00091,0
1970,0.00121,0
1971,0.00051,0
1972,0.00034,0
1973,0.00118,0
1974,0.00037,0
1975,0.00126,0
1976,0.00056,0
1977,0.00086,0
1978,0.00224,0
1979,0.00042,0
1980,0.00122,0
1981,0.00031,0
1982,0.001,0
1983,0.00035,0
1984,0.00106,0
1985,0.00067,0
1986,0.00119,0
1987,0.00029,0
1988,0.00078,0
1989,0.00068,0
1990,0.00133,0
1991,0.00049,0
1992,0.00072,0
1993,0.0008,0
1994,0.00046,0
1995,0.00061,0
1996,0.00064,0
1997,0.00167,0
1998,0.00029,0
1999,0.00161,0
2000,0.00043,0
2001,0.00092,0
2002,0.00033,0
2003,0.00044,0
2004,0.00088,0
2005,0.00096,0
2006,0.00049,0
2007,0.00037,0
2008,0.00169,0
2009,0.00063,0
2010,0.00055,0
2011,0.00206,0
2012,0.00035,0
2013,0.0004,0
2014,0.0015,0
2015,0.0009,0
2016,0.00052,0
2017,0.00252,0
2018,0.00093,0
2019,0.00331,0
2020,0.00058,0
2021,0.00078,0
2022,0.00132,0
2023,0.00053,0
2024,0.00089,0
2025,0.00041,0
2026,0.00078,0
2027,0.00095,0
2028,0.00088,0
2029,0.00052,0
2030,0.0012,0
2031,0.00297,0
2032,0.00028,0
2033,0.00046,0
2034,0.00028,0
2035,0.00076,0
2036,0.00081,0
2037,0.00056,0
2038,0.00027,0
2039,0.00109,0
2040,0.00067,0
2041,0.00034,0
2042,0.00025,0
2043,0.00117,0
2044,0.00031,0
2045,0.00199,0
2046,0.00075,0
2047,0.00036,0
2048,0.00051,0
2049,0.00121,0
2050,0.00089,0
2051,0.00064,0
2052,0.00158,0
2053,0.00029,0
2054,0.00076,0
2055,0.00044,0
2056,0.00082,0
2057,0.00119,0
2058,0.00065,0
2059,0.00086,0
2060,0.0006,0
2061,0.00102,0
2062,0.00375,0
2063,0.00074,0
2064,0.00032,0
2065,0.00031,0
2066,0.00117,0
2067,0.00118,0
2068,0.00111,0
2069,0.00112,0
2070,0.00172,0
2071,0.00197,0
2072,0.00035,0
2073,0.00081,0
2074,0.00076,0
2075,0.00076,0
2076,0.00042,0
2077,0.00049,0
2078,0.00196,0
2079,0.0007,0
2080,0.00154,0
2081,0.00059,0
2082,0.00071,0
2083,0.00105,0
2084,0.00058,0
2085,0.00167,0
2086,0.0005,0
2087,0.0006,0
2088,0.00133,0
2089,0.00025,0
2090,0.0012,0
2091,0.00067,0
2092,0.00068,0
2093,0.00025,0
2094,0.00051,0
2095,0.00039,0
2096,0.00057,0
2097,0.00027,0
2098,0.00036,0
2099,0.00086,0
2100,0.00043,0
2101,0.00192,0
2102,0.00024,0
2103,0.00173,0
2104,0.00022,0
2105,0.00112,0
2106,0.0013,0
2107,0.00222,0
2108,0.00131,0
2109,0.00234,0
2110,0.00036,0
2111,0.00105,0
2112,0.00215,0
2113,0.00027,0
2114,0.00029,0
2115,0.00103,0
2116,0.00337,0
2117,0.00025,0
2118,0.00168,0
2119,0.00034,0
2120,0.0006,0
2121,0.00155,0
2122,0.00112,0
2123,0.00072,0
2124,0.00083,0
2125,0.00375,0
2126,0.00053,0
2127,0.00064,0
2128,0.00055,0
2129,0.00055,0
2130,0.00423,0
2131,0.00044,0
2132,0.0017,0
2133,0.00185,0
2134,0.00152,0
2135,0.00113,0
2136,0.00049,0
2137,0.00044,0
2138,0.00064,0
2139,0.0013,0
2140,0.00103,0
2141,0.00033,0
2142,0.00066,0
2143,0.00036,0
2144,0.00076,0
2145,0.00081,0
2146,0.00085,0
2147,0.00269,0
2148,0.00028,0
2149,0.00098,0
2150,0.00125,0
2151,0.00132,0
2152,0.00101,0
2153,0.00061,0
2154,0.00035,0
2155,0.00342,0
2156,0.00054,0
2157,0.00036,0
2158,0.00037,0
2159,0.00148,0
2160,0.00047,0
2161,0.00204,0
2162,0.00072,0
2163,0.0016,0
2164,0.00024,0
2165,0.00064,0
2166,0.00173,0
2167,0.00104,0
2168,0.0006,0
2169,0.00041,0
2170,0.00109,0
2171,0.00099,0
2172,0.00032,0
2173,0.00035,0
2174,0.00035,0
2175,0.00043,0
2176,0.00025,0
2177,0.00124,0
2178,0.00035,0
2179,0.00076,0
2180,0.00081,0
2181,0.00054,0
2182,0.0008,0
2183,0.00415,0
2184,0.00144,0
2185,0.00028,0
2186,0.00412,0
2187,0.00047,0
2188,0.00077,0
2189,0.00057,0
2190,0.0003,0
2191,0.00026,0
2192,0.00023,0
2193,0.00112,0
2194,0.0011,0
2195,0.0007,0
2196,0.00033,0
2197,0.00191,0
2198,0.00122,0
2199,0.00046,0
2200,0.00103,0
2201,0.00171,0
2202,0.00044,0
2203,0.00295,0
2204,0.00055,0
2205,0.0005,0
2206,0.00031,0
2207,0.00068,0
2208,0.00024,0
2209,0.00072,0
2210,0.00234,0
2211,0.00069,0
2212,0.00064,0
2213,0.00061,0
2214,0.00092,0
2215,0.00057,0
2216,0.00148,0
2217,0.00032,0
2218,0.00116,0
2219,0.0007,0
2220,0.00027,0
2221,0.0005,0
2222,0.00091,0
2223,0.00072,0
2224,0.0014,0
2225,0.00044,0
2226,0.00064,0
2227,0.0007,0
2228,0.00066,0
2229,0.00028,0
2230,0.00034,0
2231,0.00222,0
2232,0.00085,0
2233,0.00398,0
2234,0.00029,0
2235,0.0003,0
2236,0.00024,0
2237,0.00141,0
2238,0.00181,0
2239,0.00195,0
2240,0.00033,0
2241,0.00119,0
2242,0.0014,0
2243,0.00081,0
2244,0.00026,0
2245,0.00114,0
2246,0.00053,0
2247,0.00466,0
2248,0.00304,0
2249,0.0004,0
2250,0.0003,0
2251,0.00031,0
2252,0.00051,0
2253,0.0008,0
2254,0.00076,0
2255,0.00058,0
2256,0.00087,0
2257,0.00062,0
2258,0.00036,0
2259,0.00067,0
2260,0.00028,0
2261,0.00085,0
2262,0.00064,0
2263,0.00086,0
2264,0.00037,0
2265,0.00024,0
2266,0.00096,0
2267,0.00091,0
2268,0.00038,0
2269,0.0004,0
2270,0.00054,0
2271,0.00056,0
2272,0.00053,0
2273,0.00207,0
2274,0.00313,0
2275,0.00183,0
2276,0.00041,0
2277,0.00106,0
2278,0.00109,0
2279,0.00082,0
2280,0.0007,0
2281,0.00052,0
2282,0.00037,0
2283,0.00057,0
2284,0.00027,0
2285,0.0005,0
2286,0.00038,0
2287,0.0013,0
2288,0.00027,0
2289,0.00191,0
2290,0.00085,0
2291,0.00088,0
2292,0.0006,0
2293,0.00025,0
2294,0.00148,0
2295,0.00036,0
2296,0.00029,0
2297,0.00088,0
2298,0.00029,0
2299,0.00084,0
2300,0.00026,0
2301,0.00226,0
2302,0.00068,0
2303,0.00103,0
2304,0.00065,0
2305,0.00106,0
2306,0.00164,0
2307,0.00048,0
2308,0.00125,0
2309,0.00025,0
2310,0.00034,0
2311,0.0004,0
2312,0.00057,0
2313,0.00059,0
2314,0.00154,0
2315,0.00069,0
2316,0.00059,0
2317,0.00107,0
2318,0.00115,0
2319,0.00069,0
2320,0.00036,0
2321,0.00117,0
2322,0.00262,0
2323,0.00293,0
2324,0.00112,0
2325,0.00051,0
2326,0.00258,0
2327,0.00026,0
2328,0.0002,0
2329,0.00077,0
2330,0.0021,0
2331,0.00091,0
2332,0.0016,0
2333,0.00034,0
2334,0.00238,0
2335,0.00304,0
2336,0.00034,0
2337,0.00047,0
2338,0.00028,0
2339,0.00042,0
2340,0.00064,0
2341,0.00025,0
2342,0.0008,0
2343,0.00043,0
2344,0.00095,0
2345,0.00376,0
2346,0.00035,0
2347,0.00081,0
2348,0.00023,0
2349,0.00025,0
2350,0.00083,0
2351,0.00048,0
2352,0.00035,0
2353,0.00046,0
2354,0.00081,0
2355,0.00125,0
2356,0.00078,0
2357,0.00045,0
2358,0.0007,0
2359,0.0007,0
2360,0.00037,0
2361,0.00203,0
2362,0.00082,0
2363,0.00055,0
2364,0.00028,0
2365,0.00092,0
2366,0.00082,0
2367,0.00112,0
2368,0.0005,0
2369,0.00042,0
2370,0.00041,0
2371,0.00023,0
2372,0.00173,0
2373,0.00067,0
2374,0.00128,0
2375,0.00172,0
2376,0.00103,0
2377,0.00177,0
2378,0.00129,0
2379,0.0004,0
2380,0.00034,0
2381,0.00065,0
2382,0.00118,0
2383,0.00032,0
2384,0.00108,0
2385,0.00025,0
2386,0.00204,0
2387,0.00101,0
2388,0.00103,0
2389,0.00032,0
2390,0.00046,0
2391,0.00125,0
2392,0.00041,0
2393,0.00027,0
2394,0.00028,0
2395,0.0008,0
2396,0.00095,0
2397,0.0016,0
2398,0.00024,0
2399,0.00096,0
2400,0.00063,0
2401,0.00126,0
2402,0.00073,0
2403,0.00057,0
2404,0.00165,0
2405,0.00072,0
2406,0.00106,0
2407,0.00056,0
2408,0.00063,0
2409,0.00065,0
2410,0.00078,0
2411,0.00199,0
2412,0.00057,0
2413,0.00031,0
2414,0.00033,0
2415,0.0003,0
2416,0.00116,0
2417,0.00085,0
2418,0.00054,0
2419,0.00044,0
2420,0.00059,0
2421,0.00077,0
2422,0.0016,0
2423,0.00193,0
2424,0.00104,0
2425,0.00021,0
2426,0.00145,0
2427,0.00112,0
2428,0.00038,0
2429,0.0003,0
2430,0.00069,0
2431,0.00022,0
2432,0.00027,0
2433,0.00325,0
2434,0.00083,0
2435,0.00128,0
2436,0.00104,0
2437,0.00043,0
2438,0.00027,0
2439,0.00165,0
2440,0.00292,0
2441,0.00062,0
2442,0.00069,0
2443,0.00026,0
2444,0.00036,0
2445,0.00163,0
2446,0.00128,0
2447,0.00143,0
2448,0.00071,0
2449,0.0005,0
2450,0.00042,0
2451,0.00021,0
2452,0.00046,0
2453,0.0003,0
2454,0.00051,0
2455,0.00052,0
2456,0.00117,0
2457,0.00117,0
2458,0.00128,0
2459,0.0021,0
2460,0.00036,0
2461,0.00034,0
2462,0.00024,0
2463,0.00151,0
2464,0.0003,0
2465,0.0003,0
2466,0.00092,0
2467,0.00031,0
2468,0.0023,0
2469,0.00059,0
2470,0.00042,0
2471,0.00056,0
2472,0.00174,0
2473,0.00065,0
2474,0.00066,0
2475,0.00038,0
2476,0.0003,0
2477,0.00049,0
2478,0.00056,0
2479,0.00028,0
2480,0.00042,0
2481,0.00068,0
2482,0.00031,0
2483,0.00085,0
2484,0.00234,0
2485,0.00126,0
2486,0.00091,0
2487,0.0007,0
2488,0.00048,0
2489,0.00122,0
2490,0.00121,0
2491,0.00061,0
2492,0.002,0
2493,0.00067,0
2494,0.00064,0
2495,0.00033,0
2496,0.0008,0
2497,0.0013,0
2498,0.0003,0
2499,0.00035,0
2500,0.00053,0
2501,0.00058,0
2502,0.00042,0
2503,0.00077,0
2504,0.00034,0
2505,0.00026,0
2506,0.00027,0
2507,0.00046,0
2508,0.00103,0
2509,0.00043,0
2510,0.00076,0
2511,0.00066,0
2512,0.00064,0
2513,0.00117,0
2514,0.00053,0
2515,0.0006,0
2516,0.00239,0
2517,0.0007,0
2518,0.002,0
2519,0.00043,0
2520,0.00138,0
2521,0.00148,0
2522,0.00103,0
2523,0.00024,0
2524,0.00118,0
2525,0.00022,0
2526,0.00112,0
2527,0.00042,0
2528,0.00034,0
2529,0.00029,0
2530,0.00042,0
2531,0.00199,0
2532,0.00066,0
2533,0.00027,0
2534,0.00031,0
2535,0.00074,0
2536,0.00076,0
2537,0.00209,0
2538,0.00077,0
2539,0.00047,0
2540,0.00024,0
2541,0.00027,0
2542,0.00078,0
2543,0.00022,0
2544,0.00141,0
2545,0.00025,0
2546,0.00034,0
2547,0.00038,0
2548,0.00029,0
2549,0.00032,0
2550,0.00072,0
2551,0.00114,0
2552,0.00159,0
2553,0.00036,0
2554,0.00026,0
2555,0.00116,0
2556,0.0014,0
2557,0.00076,0
2558,0.00028,0
2559,0.00112,0
2560,0.00175,0
2561,0.00038,0
2562,0.00026,0
2563,0.00036,0
2564,0.00068,0
2565,0.00026,0
2566,0.00094,0
2567,0.00078,0
2568,0.00098,0
2569,0.0015,0
2570,0.00088,0
2571,0.00025,0
2572,0.00071,0
2573,0.00081,0
2574,0.00026,0
2575,0.00123,0
2576,0.00058,0
2577,0.001,0
2578,0.00104,0
2579,0.00116,0
2580,0.00037,0
2581,0.00027,0
2582,0.00057,0
2583,0.00097,0
2584,0.00032,0
2585,0.00114,0
2586,0.00105,0
2587,0.00026,0
2588,0.00034,0
2589,0.00098,0
2590,0.00039,0
2591,0.00034,0
2592,0.00027,0
2593,0.00073,0
2594,0.00038,0
2595,0.00042,0
2596,0.00072,0
2597,0.00117,0
2598,0.00142,0
2599,0.0004,0
2600,0.00042,0
2601,0.00041,0
2602,0.00126,0
2603,0.00028,0
2604,0.00106,0
2605,0.00096,0
2606,0.00064,0
2607,0.00055,0
2608,0.00142,0
2609,0.00063,0
2610,0.00037,0
2611,0.00076,0
2612,0.00035,0
2613,0.00176,0
2614,0.0006,0
2615,0.00053,0
2616,0.00071,0
2617,0.00051,0
2618,0.00023,0
2619,0.00025,0
2620,0.00025,0
2621,0.00105,0
2622,0.00065,0
2623,0.00131,0
2624,0.00032,0
2625,0.00169,0
2626,0.00332,0
2627,0.00027,0
2628,0.00038,0
2629,0.00091,0
2630,0.0011,0
2631,0.00038,0
2632,0.00027,0
2633,0.00052,0
2634,0.00097,0
2635,0.00082,0
2636,0.00204,0
2637,0.00064,0
2638,0.00046,0
2639,0.00038,0
2640,0.00275,0
2641,0.00046,0
2642,0.0012,0
2643,0.00207,0
2644,0.0003,0
2645,0.00279,0
2646,0.00039,0
2647,0.00312,0
2648,0.0004,0
2649,0.00038,0
2650,0.00105,0
2651,0.00091,0
2652,0.00033,0
2653,0.00057,0
2654,0.0007,0
2655,0.0002,0
2656,0.00046,0
2657,0.00052,0
2658,0.00102,0
2659,0.00032,0
2660,0.00053,0
2661,0.00071,0
2662,0.00083,0
2663,0.00103,0
2664,0.00092,0
2665,0.00027,0
2666,0.00141,0
2667,0.00089,0
2668,0.00075,0
2669,0.00142,0
2670,0.00037,0
2671,0.00026,0
2672,0.00023,0
2673,0.00078,0
2674,0.00085,0
2675,0.00038,0
2676,0.00021,0
2677,0.00166,0
2678,0.0003,0
2679,0.00036,0
2680,0.00124,0
2681,0.00234,0
2682,0.00116,0
2683,0.00035,0
2684,0.00094,0
2685,0.00042,0
2686,0.00128,0
2687,0.00066,0
2688,0.00034,0
2689,0.00324,0
2690,0.00025,0
2691,0.00078,0
2692,0.00056,0
2693,0.00083,0
2694,0.0003,0
2695,0.0003,0
2696,0.00079,0
2697,0.00234,0
2698,0.00029,0
2699,0.00068,0
2700,0.00078,0
2701,0.00085,0
2702,0.0006,0
2703,0.0003,0
2704,0.0004,0
2705,0.00076,0
2706,0.00124,0
2707,0.00269,0
2708,0.00059,0
2709,0.00038,0
2710,0.00059,0
2711,0.0007,0
2712,0.00051,0
2713,0.00029,0
2714,0.0005,0
2715,0.00105,0
2716,0.00028,0
2717,0.00077,0
2718,0.00036,0
2719,0.00055,0
2720,0.00056,0
2721,0.00111,0
2722,0.00049,0
2723,0.00076,0
2724,0.00053,0
2725,0.00023,0
2726,0.00078,0
2727,0.00025,0
2728,0.00023,0
2729,0.00051,0
2730,0.00057,0
2731,0.00044,0
2732,0.00022,0
2733,0.00032,0
2734,0.00063,0
2735,0.00048,0
2736,0.00069,0
2737,0.00227,0
2738,0.00037,0
2739,0.00103,0
2740,0.00042,0
2741,0.00258,0
2742,0.00115,0
2743,0.00029,0
2744,0.00028,0
2745,0.0018,0
2746,0.00056,0
2747,0.00277,0
2748,0.00031,0
2749,0.00024,0
2750,0.00058,0
2751,0.00084,0
2752,0.00098,0
2753,0.00057,0
2754,0.0003,0
2755,0.00103,0
2756,0.00098,0
2757,0.00051,0
2758,0.00092,0
2759,0.00034,0
2760,0.0002,0
2761,0.0009,0
2762,0.00027,0
2763,0.00082,0
2764,0.00094,0
2765,0.00044,0
2766,0.00026,0
2767,0.00032,0
2768,0.00079,0
2769,0.00038,0
2770,0.00081,0
2771,0.0003,0
2772,0.00103,0
2773,0.00047,0
2774,0.00045,0
2775,0.00068,0
2776,0.00074,0
2777,0.00027,0
2778,0.0006,0
2779,0.00057,0
2780,0.00056,0
2781,0.00028,0
2782,0.00044,0
2783,0.00072,0
2784,0.00026,0
2785,0.00118,0
2786,0.00202,0
2787,0.00149,0
2788,0.00023,0
2789,0.0005,0
2790,0.00046,0
2791,0.00053,0
2792,0.00045,0
2793,0.00141,0
2794,0.00084,0
2795,0.00122,0
2796,0.00023,0
2797,0.00092,0
2798,0.00023,0
2799,0.00036,0
2800,0.00079,0
2801,0.00036,0
2802,0.00113,0
2803,0.0014,0
2804,0.00453,0
2805,0.00048,0
2806,0.00041,0
2807,0.00045,0
2808,0.00189,0
2809,0.00041,0
2810,0.0021,0
2811,0.00025,0
2812,0.00155,0
2813,0.00046,0
2814,0.00021,0
2815,0.00296,0
2816,0.00045,0
2817,0.0006,0
2818,0.00185,0
2819,0.00054,0
2820,0.00025,0
2821,0.00037,0
2822,0.00027,0
2823,0.0031,0
2824,0.00029,0
2825,0.00034,0
2826,0.00042,0
2827,0.00137,0
2828,0.00032,0
2829,0.00072,0
2830,0.0003,0
2831,0.0024,0
2832,0.00081,0
2833,0.00079,0
2834,0.00033,0
2835,0.00034,0
2836,0.00104,0
2837,0.00096,0
2838,0.00089,0
2839,0.00049,0
2840,0.00134,0
2841,0.00166,0
2842,0.00064,0
2843,0.0005,0
2844,0.00058,0
2845,0.00129,0
2846,0.00028,0
2847,0.00087,0
2848,0.00304,0
2849,0.00022,0
2850,0.00043,0
2851,0.00039,0
2852,0.00063,0
2853,0.00032,0
2854,0.00024,0
2855,0.0003,0
2856,0.00091,0
2857,0.00023,0
2858,0.00029,0
2859,0.00068,0
2860,0.00066,0
2861,0.00041,0
2862,0.00063,0
2863,0.00059,0
2864,0.00068,0
2865,0.00024,0
2866,0.00021,0
2867,0.00042,0
2868,0.00091,0
2869,0.00085,0
2870,0.00161,0
2871,0.00021,0
2872,0.00047,0
2873,0.00041,0
2874,0.00081,0
2875,0.00078,0
2876,0.00036,0
2877,0.00095,0
2878,0.00054,0
2879,0.0009,0
2880,0.00108,0
2881,0.00117,0
2882,0.00107,0
2883,0.00067,0
2884,0.00026,0
2885,0.00049,0
2886,0.00026,0
2887,0.00088,0
2888,0.00039,0
2889,0.00117,0
2890,0.00035,0
2891,0.00112,0
2892,0.00041,0
2893,0.00029,0
2894,0.00026,0
2895,0.00287,0
2896,0.00051,0
2897,0.00022,0
2898,0.00231,0
2899,0.00065,0
2900,0.00027,0
2901,0.00049,0
2902,0.00058,0
2903,0.00081,0
2904,0.00045,0
2905,0.00035,0
2906,0.00178,0
2907,0.00121,0
2908,0.00102,0
2909,0.00073,0
2910,0.00066,0
2911,0.00021,0
2912,0.00073,0
2913,0.0006,0
2914,0.0013,0
2915,0.00029,0
2916,0.00065,0
2917,0.00025,0
2918,0.00038,0
2919,0.00069,0
2920,0.00133,0
2921,0.00023,0
2922,0.0012,0
2923,0.003,0
2924,0.00085,0
2925,0.00036,0
2926,0.00129,0
2927,0.00276,0
2928,0.00027,0
2929,0.00068,0
2930,0.00385,0
2931,0.00028,0
2932,0.0003,0
2933,0.0003,0
2934,0.00092,0
2935,0.0003,0
2936,0.00138,0
2937,0.0015,0
2938,0.00036,0
2939,0.00084,0
2940,0.00025,0
2941,0.00056,0
2942,0.00168,0
2943,0.00205,0
2944,0.00026,0
2945,0.0011,0
2946,0.0003,0
2947,0.00142,0
2948,0.00041,0
2949,0.00027,0
2950,0.00048,0
2951,0.00038,0
2952,0.0012,0
2953,0.00091,0
2954,0.00038,0
2955,0.00166,0
2956,0.00031,0
2957,0.0003,0
2958,0.00148,0
2959,0.00106,0
2960,0.00073,0
2961,0.0003,0
2962,0.00068,0
2963,0.00098,0
2964,0.00029,0
2965,0.00227,0
2966,0.00041,0
2967,0.00028,0
2968,0.0013,0
2969,0.00071,0
2970,0.00047,0
2971,0.00039,0
2972,0.00139,0
2973,0.00079,0
2974,0.00022,0
2975,0.00098,0
2976,0.00022,0
2977,0.0012,0
2978,0.00047,0
2979,0.00042,0
2980,0.0007,0
2981,0.001,0
2982,0.00089,0
2983,0.00032,0
2984,0.00159,0
2985,0.00117,0
2986,0.00027,0
2987,0.00073,0
2988,0.00029,0
2989,0.00142,0
2990,0.00053,0
2991,0.00056,0
2992,0.0002,0
2993,0.00108,0
2994,0.0013,0
2995,0.00089,0
2996,0.00082,0
2997,0.00031,0
2998,0.00081,0
2999,0.00067,0
3000,0.00147,0
3001,0.00058,0
3002,0.00072,0
3003,0.00023,0
3004,0.00048,0
3005,0.00039,0
3006,0.00067,0
3007,0.00077,0
3008,0.00068,0
3009,0.00051,0
3010,0.00043,0
3011,0.00031,0
3012,0.00095,0
3013,0.00027,0
3014,0.00027,0
3015,0.0004,0
3016,0.00271,0
3017,0.00036,0
3018,0.00027,0
3019,0.00052,0
3020,0.00094,0
3021,0.00054,0
3022,0.00055,0
3023,0.00064,0
3024,0.00192,0
3025,0.00041,0
3026,0.00029,0
3027,0.00096,0
3028,0.00102,0
3029,0.00024,0
3030,0.00219,0
3031,0.00126,0
3032,0.00046,0
3033,0.00095,0
3034,0.00067,0
3035,0.00066,0
3036,0.00033,0
3037,0.00081,0
3038,0.00079,0
3039,0.00037,0
3040,0.00046,0
3041,0.00114,0
3042,0.00026,0
3043,0.00026,0
3044,0.00032,0
3045,0.00055,0
3046,0.00068,0
3047,0.00061,0
3048,0.00099,0
3049,0.00027,0
3050,0.0003,0
3051,0.00036,0
3052,0.00021,0
3053,0.00071,0
3054,0.00064,0
3055,0.00025,0
3056,0.0008,0
3057,0.00115,0
3058,0.00059,0
3059,0.00065,0
3060,0.00042,0
3061,0.00033,0
3062,0.00108,0
3063,0.00124,0
3064,0.00099,0
3065,0.00374,0
3066,0.00281,0
3067,0.00045,0
3068,0.00197,0
3069,0.00056,0
3070,0.00038,0
3071,0.00113,0
3072,0.00024,0
3073,0.00024,0
3074,0.00024,0
3075,0.00115,0
3076,0.00139,0
3077,0.00024,0
3078,0.0009,0
3079,0.00417,0
3080,0.00048,0
3081,0.0012,0
3082,0.00066,0
3083,0.00029,0
3084,0.00204,0
3085,0.0008,0
3086,0.00029,0
3087,0.00055,0
3088,0.00047,0
3089,0.00023,0
3090,0.00031,0
3091,0.00125,0
3092,0.00028,0
3093,0.00063,0
3094,0.00406,0
3095,0.00029,0
3096,0.00028,0
3097,0.00059,0
3098,0.00059,0
3099,0.00142,0
3100,0.00058,0
3101,0.00081,0
3102,0.00169,0
3103,0.00242,0
3104,0.00065,0
3105,0.00025,0
3106,0.00148,0
3107,0.0025,0
3108,0.00055,0
3109,0.00028,0
3110,0.0012,0
3111,0.00044,0
3112,0.00133,0
3113,0.00085,0
3114,0.00072,0
3115,0.00034,0
3116,0.00033,0
3117,0.00057,0
3118,0.00028,0
3119,0.00158,0
3120,0.00389,0
3121,0.0005,0
3122,0.00026,0
3123,0.00039,0
3124,0.00023,0
3125,0.00044,0
3126,0.00127,0
3127,0.00082,0
3128,0.00051,0
3129,0.00064,0
3130,0.00143,0
3131,0.00082,0
3132,0.00036,0
3133,0.00112,0
3134,0.00026,0
3135,0.00027,0
3136,0.00033,0
3137,0.00025,0
3138,0.00028,0
3139,0.0009,0
3140,0.00038,0
3141,0.00044,0
3142,0.00082,0
3143,0.00079,0
3144,0.00353,0
3145,0.00078,0
3146,0.00108,0
3147,0.00095,0
3148,0.00165,0
3149,0.00031,0
3150,0.00081,0
3151,0.00238,0
3152,0.00063,0
3153,0.00037,0
3154,0.00026,0
3155,0.00055,0
3156,0.00243,0
3157,0.00045,0
3158,0.00032,0
3159,0.0012,0
3160,0.00274,0
3161,0.00039,0
3162,0.00158,0
3163,0.00028,0
3164,0.0003,0
3165,0.00026,0
3166,0.00036,0
3167,0.00177,0
3168,0.0003,0
3169,0.00044,0
3170,0.00021,0
3171,0.00074,0
3172,0.00106,0
3173,0.00055,0
3174,0.00154,0
3175,0.00089,0
3176,0.00125,0
3177,0.00089,0
3178,0.00026,0
3179,0.00044,0
3180,0.00045,0
3181,0.00038,0
3182,0.00036,0
3183,0.00031,0
3184,0.00077,0
3185,0.00093,0
3186,0.00025,0
3187,0.00111,0
3188,0.00031,0
3189,0.00045,0
3190,0.00061,0
3191,0.00098,0
3192,0.00112,0
3193,0.00077,0
3194,0.00111,0
3195,0.00023,0
3196,0.00104,0
3197,0.00026,0
3198,0.00062,0
3199,0.0002,0
3200,0.00049,0
3201,0.00027,0
3202,0.00041,0
3203,0.00031,0
3204,0.00027,0
3205,0.00243,0
3206,0.00034,0
3207,0.00035,0
3208,0.00058,0
3209,0.00108,0
3210,0.00029,0
3211,0.0003,0
3212,0.00022,0
3213,0.0028,0
3214,0.00101,0
3215,0.00047,0
3216,0.00026,0
3217,0.00033,0
3218,0.00032,0
3219,0.0005,0
3220,0.00029,0
3221,0.00111,0
3222,0.00061,0
3223,0.00047,0
3224,0.00102,0
3225,0.00086,0
3226,0.00022,0
3227,0.00036,0
3228,0.00061,0
3229,0.00023,0
3230,0.00029,0
3231,0.00021,0
3232,0.00061,0
3233,0.0012,0
3234,0.00025,0
3235,0.00039,0
3236,0.00025,0
3237,0.00059,0
3238,0.0003,0
3239,0.00146,0
3240,0.00126,0
3241,0.00062,0
3242,0.00026,0
3243,0.00034,0
3244,0.00056,0
3245,0.00072,0
3246,0.00063,0
3247,0.00052,0
3248,0.00038,0
3249,0.00089,0
3250,0.00073,0
3251,0.00059,0
3252,0.0003,0
3253,0.00039,0
3254,0.00125,0
3255,0.00077,0
3256,0.00024,0
3257,0.00123,0
3258,0.0004,0
3259,0.0008,0
3260,0.00026,0
3261,0.00047,0
3262,0.00038,0
3263,0.00061,0
3264,0.00023,0
3265,0.00065,0
3266,0.00029,0
3267,0.00047,0
3268,0.00027,0
3269,0.0007,0
3270,0.0003,0
3271,0.0005,0
3272,0.00033,0
3273,0.00097,0
3274,0.00137,0
3275,0.00022,0
3276,0.00105,0
3277,0.0009,0
3278,0.00024,0
3279,0.0003,0
3280,0.0003,0
3281,0.00039,0
3282,0.00124,0
3283,0.00099,0
3284,0.0002,0
3285,0.00041,0
3286,0.00108,0
3287,0.0008,0
3288,0.00028,0
3289,0.00091,0
3290,0.00034,0
3291,0.0009,0
3292,0.00044,0
3293,0.0003,0
3294,0.00044,0
3295,0.00076,0
3296,0.00118,0
3297,0.00029,0
3298,0.00036,0
3299,0.00022,0
3300,0.00024,0
3301,0.0009,0
3302,0.00023,0
3303,0.00078,0
3304,0.00032,0
3305,0.0008,0
3306,0.00056,0
3307,0.00103,0
3308,0.00031,0
3309,0.0003,0
3310,0.00025,0
3311,0.00084,0
3312,0.00082,0
3313,0.00026,0
3314,0.00055,0
3315,0.00073,0
3316,0.00029,0
3317,0.00022,0
3318,0.00035,0
3319,0.00032,0
3320,0.00147,0
3321,0.00085,0
3322,0.00025,0
3323,0.00243,0
3324,0.00026,0
3325,0.00056,0
3326,0.00042,0
3327,0.00022,0
3328,0.00064,0
3329,0.00071,0
3330,0.00073,0
3331,0.00047,0
3332,0.00078,0
3333,0.00022,0
3334,0.00108,0
3335,0.00053,0
3336,0.0003,0
3337,0.00043,0
3338,0.00027,0
3339,0.00065,0
3340,0.00059,0
3341,0.00061,0
3342,0.00067,0
3343,0.00133,0
3344,0.00184,0
3345,0.00034,0
3346,0.00032,0
3347,0.00146,0
3348,0.00074,0
3349,0.00021,0
3350,0.0004,0
3351,0.00028,0
3352,0.00203,0
3353,0.00062,0
3354,0.00024,0
3355,0.00217,0
3356,0.00198,0
3357,0.00069,0
3358,0.00024,0
3359,0.00027,0
3360,0.00054,0
3361,0.00106,0
3362,0.00105,0
3363,0.00024,0
3364,0.00044,0
3365,0.00034,0
3366,0.00025,0
3367,0.00083,0
3368,0.00118,0
3369,0.00028,0
3370,0.00092,0
3371,0.00032,0
3372,0.00031,0
3373,0.00024,0
3374,0.00055,0
3375,0.0004,0
3376,0.00059,0
3377,0.00093,0
3378,0.00084,0
3379,0.00065,0
3380,0.00024,0
3381,0.00043,0
3382,0.00034,0
3383,0.00061,0
3384,0.00042,0
3385,0.00055,0
3386,0.00076,0
3387,0.00026,0
3388,0.00065,0
3389,0.00055,0
3390,0.00093,0
3391,0.00171,0
3392,0.00079,0
3393,0.00058,0
3394,0.00139,0
3395,0.00026,0
3396,0.00046,0
3397,0.00028,0
3398,0.00027,0
3399,0.00227,0
3400,0.00044,0
3401,0.00041,0
3402,0.00268,0
3403,0.00104,0
3404,0.00062,0
3405,0.00032,0
3406,0.00063,0
3407,0.0017,0
3408,0.00027,0
3409,0.00026,0
3410,0.00107,0
3411,0.00113,0
3412,0.00068,0
3413,0.00081,0
3414,0.00066,0
3415,0.00044,0
3416,0.00045,0
3417,0.0003,0
3418,0.00124,0
3419,0.00026,0
3420,0.00062,0
3421,0.00068,0
3422,0.00435,0
3423,0.00049,0
3424,0.00031,0
3425,0.00025,0
3426,0.00086,0
3427,0.00111,0
3428,0.00096,0
3429,0.00047,0
3430,0.001,0
3431,0.00105,0
3432,0.00025,0
3433,0.00032,0
3434,0.00028,0
3435,0.00092,0
3436,0.00326,0
3437,0.0005,0
3438,0.00129,0
3439,0.00065,0
3440,0.00046,0
3441,0.00038,0
3442,0.0004,0
3443,0.00029,0
3444,0.00037,0
3445,0.0003,0
3446,0.00021,0
3447,0.00034,0
3448,0.00152,0
3449,0.00144,0
3450,0.00095,0
3451,0.00073,0
3452,0.00087,0
3453,0.00026,0
3454,0.00072,0
3455,0.0004,0
3456,0.00021,0
3457,0.00048,0
3458,0.00112,0
3459,0.00049,0
3460,0.00025,0
3461,0.00043,0
3462,0.00363,0
3463,0.00067,0
3464,0.00025,0
3465,0.00029,0
3466,0.00031,0
3467,0.00025,0
3468,0.00062,0
3469,0.00081,0
3470,0.00033,0
3471,0.00026,0
3472,0.00048,0
3473,0.00108,0
3474,0.00024,0
3475,0.00237,0
3476,0.0006,0
3477,0.00094,0
3478,0.00075,0
3479,0.00317,0
3480,0.00229,0
3481,0.00076,0
3482,0.00058,0
3483,0.00046,0
3484,0.00029,0
3485,0.00074,0
3486,0.00107,0
3487,0.00066,0
3488,0.00029,0
3489,0.00107,0
3490,0.00059,0
3491,0.00027,0
3492,0.00045,0
3493,0.00046,0
3494,0.00041,0
3495,0.00036,0
3496,0.00022,0
3497,0.00028,0
3498,0.00044,0
3499,0.00136,0
3500,0.00037,0
3501,0.00096,0
3502,0.00023,0
3503,0.00077,0
3504,0.00027,0
3505,0.00102,0
3506,0.00032,0
3507,0.00095,0
3508,0.0006,0
3509,0.00037,0
3510,0.001,0
3511,0.00051,0
3512,0.00042,0
3513,0.00068,0
3514,0.00102,0
3515,0.00029,0
3516,0.00125,0
3517,0.00085,0
3518,0.00141,0
3519,0.00084,0
3520,0.00067,0
3521,0.00026,0
3522,0.00092,0
3523,0.00043,0
3524,0.00097,0
3525,0.0003,0
3526,0.00055,0
3527,0.00049,0
3528,0.00047,0
3529,0.00032,0
3530,0.00027,0
3531,0.00097,0
3532,0.00031,0
3533,0.00093,0
3534,0.00044,0
3535,0.00022,0
3536,0.00024,0
3537,0.00056,0
3538,0.00137,0
3539,0.00023,0
3540,0.0003,0
3541,0.00041,0
3542,0.00042,0
3543,0.0008,0
3544,0.00026,0
3545,0.00022,0
3546,0.00136,0
3547,0.0006,0
3548,0.00065,0
3549,0.00071,0
3550,0.0004,0
3551,0.00061,0
3552,0.00057,0
3553,0.00022,0
3554,0.00022,0
3555,0.00039,0
3556,0.00027,0
3557,0.0015,0
3558,0.0008,0
3559,0.00086,0
3560,0.00029,0
3561,0.00084,0
3562,0.00086,0
3563,0.00066,0
3564,0.00165,0
3565,0.00041,0
3566,0.00057,0
3567,0.00035,0
3568,0.00149,0
3569,0.0003,0
3570,0.00186,0
3571,0.00029,0
3572,0.0006,0
3573,0.00023,0
3574,0.0009,0
3575,0.00027,0
3576,0.00175,0
3577,0.00032,0
3578,0.00029,0
3579,0.00026,0
3580,0.00096,0
3581,0.00044,0
3582,0.00025,0
3583,0.0006,0
3584,0.00023,0
3585,0.00054,0
3586,0.00162,0
3587,0.00052,0
3588,0.00023,0
3589,0.00061,0
3590,0.00146,0
3591,0.00287,0
3592,0.00023,0
3593,0.00237,0
3594,0.00044,0
3595,0.00159,0
3596,0.0006,0
3597,0.00179,0
3598,0.00101,0
3599,0.00026,0
3600,0.00029,0
3601,0.00041,0
3602,0.00034,0
3603,0.0004,0
3604,0.0003,0
3605,0.00144,0
3606,0.00028,0
3607,0.00038,0
3608,0.00036,0
3609,0.00071,0
3610,0.00033,0
3611,0.00036,0
3612,0.00098,0
3613,0.00027,0
3614,0.00277,0
3615,0.00077,0
3616,0.00027,0
3617,0.00074,0
3618,0.00025,0
3619,0.00038,0
3620,0.00065,0
3621,0.00047,0
3622,0.00024,0
3623,0.00058,0
3624,0.00033,0
3625,0.00045,0
3626,0.00101,0
3627,0.00065,0
3628,0.00075,0
3629,0.00072,0
3630,0.00036,0
3631,0.00025,0
3632,0.00217,0
3633,0.00078,0
3634,0.00051,0
3635,0.0003,0
3636,0.00028,0
3637,0.00036,0
3638,0.00088,0
3639,0.00244,0
3640,0.00039,0
3641,0.00039,0
3642,0.00057,0
3643,0.00039,0
3644,0.00052,0
3645,0.00199,0
3646,0.00141,0
3647,0.0004,0
3648,0.00228,0
3649,0.00024,0
3650,0.00061,0
3651,0.00025,0
3652,0.00199,0
3653,0.00047,0
3654,0.0008,0
3655,0.00039,0
3656,0.00069,0
3657,0.00098,0
3658,0.00041,0
3659,0.00027,0
3660,0.00069,0
3661,0.00022,0
3662,0.00025,0
3663,0.00029,0
3664,0.00025,0
3665,0.00054,0
3666,0.00121,0
3667,0.00028,0
3668,0.00024,0
3669,0.00048,0
3670,0.00028,0
3671,0.00045,0
3672,0.00057,0
3673,0.00039,0
3674,0.00056,0
3675,0.00044,0
3676,0.00157,0
3677,0.00189,0
3678,0.00054,0
3679,0.00029,0
3680,0.00045,0
3681,0.00025,0
3682,0.0003,0
3683,0.00109,0
3684,0.00026,0
3685,0.0008,0
3686,0.00088,0
3687,0.00026,0
3688,0.0008,0
3689,0.00022,0
3690,0.00025,0
3691,0.00053,0
3692,0.00061,0
3693,0.00027,0
3694,0.00057,0
3695,0.00071,0
3696,0.00067,0
3697,0.00049,0
3698,0.00026,0
3699,0.00022,0
3700,0.00083,0
3701,0.00152,0
3702,0.00023,0
3703,0.00023,0
3704,0.00023,0
3705,0.00093,0
3706,0.00028,0
3707,0.00058,0
3708,0.00127,0
3709,0.00052,0
3710,0.00052,0
3711,0.00024,0
3712,0.0003,0
3713,0.00072,0
3714,0.00079,0
3715,0.00025,0
3716,0.00317,0
3717,0.00062,0
3718,0.00031,0
3719,0.00151,0
3720,0.0006,0
3721,0.00032,0
3722,0.00211,0
3723,0.00059,0
3724,0.00023,0
3725,0.00376,0
3726,0.00024,0
3727,0.00022,0
3728,0.00023,0
3729,0.00037,0
3730,0.00061,0
3731,0.00077,0
3732,0.00056,0
3733,0.00063,0
3734,0.00047,0
3735,0.00135,0
3736,0.00027,0
3737,0.00107,0
3738,0.00149,0
3739,0.00028,0
3740,0.00053,0
3741,0.00035,0
3742,0.00086,0
3743,0.0014,0
3744,0.0007,0
3745,0.00164,0
3746,0.00028,0
3747,0.00052,0
3748,0.00021,0
3749,0.00363,0
3750,0.0003,0
3751,0.00028,0
3752,0.00105,0
3753,0.00068,0
3754,0.00141,0
3755,0.00024,0
3756,0.00037,0
3757,0.00084,0
3758,0.00082,0
3759,0.00088,0
3760,0.00028,0
3761,0.00032,0
3762,0.0003,0
3763,0.00108,0
3764,0.00063,0
3765,0.0014,0
3766,0.00072,0
3767,0.00021,0
3768,0.00158,0
3769,0.00064,0
3770,0.00072,0
3771,0.00111,0
3772,0.00059,0
3773,0.00036,0
3774,0.00085,0
3775,0.0003,0
3776,0.00036,0
3777,0.00028,0
3778,0.00044,0
3779,0.00032,0
3780,0.00193,0
3781,0.00022,0
3782,0.00035,0
3783,0.0007,0
3784,0.00227,0
3785,0.00082,0
3786,0.00121,0
3787,0.00036,0
3788,0.0007,0
3789,0.00077,0
3790,0.00026,0
3791,0.00022,0
3792,0.00029,0
3793,0.00038,0
3794,0.00025,0
3795,0.00143,0
3796,0.00046,0
3797,0.00078,0
3798,0.00079,0
3799,0.00036,0
3800,0.00057,0
3801,0.00059,0
3802,0.00061,0
3803,0.00166,0
3804,0.00052,0
3805,0.00024,0
3806,0.00038,0
3807,0.00047,0
3808,0.00058,0
3809,0.00262,0
3810,0.00108,0
3811,0.00036,0
3812,0.00037,0
3813,0.00097,0
3814,0.00039,0
3815,0.00064,0
3816,0.00103,0
3817,0.00027,0
3818,0.00022,0
3819,0.00119,0
3820,0.00141,0
3821,0.00067,0
3822,0.00033,0
3823,0.001,0
3824,0.00232,0
3825,0.00115,0
3826,0.00023,0
3827,0.00026,0
3828,0.00249,0
3829,0.00165,0
3830,0.00116,0
3831,0.00024,0
3832,0.00061,0
3833,0.00098,0
3834,0.00023,0
3835,0.00196,0
3836,0.00026,0
3837,0.00049,0
3838,0.00024,0
3839,0.00045,0
3840,0.00027,0
3841,0.0004,0
3842,0.0003,0
3843,0.00264,0
3844,0.00072,0
3845,0.00075,0
3846,0.001,0
3847,0.00066,0
3848,0.00053,0
3849,0.00078,0
3850,0.00032,0
3851,0.0005,0
3852,0.00071,0
3853,0.00042,0
3854,0.00032,0
3855,0.00028,0
3856,0.00022,0
3857,0.00058,0
3858,0.00106,0
3859,0.00085,0
3860,0.00086,0
3861,0.00057,0
3862,0.00023,0
3863,0.0004,0
3864,0.00086,0
3865,0.00066,0
3866,0.00065,0
3867,0.00028,0
3868,0.00034,0
3869,0.00108,0
3870,0.00051,0
3871,0.00052,0
3872,0.00027,0
3873,0.00095,0
3874,0.00032,0
3875,0.0002,0
3876,0.00046,0
3877,0.00042,0
3878,0.00063,0
3879,0.00032,0
3880,0.00054,0
3881,0.00021,0
3882,0.00068,0
3883,0.00076,0
3884,0.00035,0
3885,0.001,0
3886,0.00347,0
3887,0.0017,0
3888,0.00024,0
3889,0.00145,0
3890,0.00125,0
3891,0.00092,0
3892,0.00057,0
3893,0.00029,0
3894,0.00042,0
3895,0.00021,0
3896,0.00025,0
3897,0.00058,0
3898,0.00068,0
3899,0.00036,0
3900,0.00106,0
3901,0.00025,0
3902,0.00028,0
3903,0.0004,0
3904,0.00057,0
3905,0.00189,0
3906,0.00038,0
3907,0.00083,0
3908,0.00038,0
3909,0.0003,0
3910,0.00034,0
3911,0.00028,0
3912,0.00026,0
3913,0.00122,0
3914,0.00053,0
3915,0.00118,0
3916,0.00033,0
3917,0.00266,0
3918,0.00174,0
3919,0.00135,0
3920,0.00069,0
3921,0.00172,0
3922,0.00062,0
3923,0.00078,0
3924,0.0005,0
3925,0.00028,0
3926,0.0029,0
3927,0.00024,0
3928,0.00087,0
3929,0.00037,0
3930,0.00051,0
3931,0.00025,0
3932,0.00055,0
3933,0.00021,0
3934,0.00327,0
3935,0.00049,0
3936,0.00039,0
3937,0.00054,0
3938,0.00056,0
3939,0.00331,0
3940,0.00287,0
3941,0.00076,0
3942,0.00034,0
3943,0.0004,0
3944,0.00025,0
3945,0.00054,0
3946,0.00074,0
3947,0.00047,0
3948,0.00078,0
3949,0.00134,0
3950,0.00115,0
3951,0.00029,0
3952,0.00136,0
3953,0.0005,0
3954,0.00116,0
3955,0.00068,0
3956,0.00061,0
3957,0.00092,0
3958,0.00076,0
3959,0.001,0
3960,0.00032,0
3961,0.00155,0
3962,0.00182,0
3963,0.00038,0
3964,0.00055,0
3965,0.00028,0
3966,0.00026,0
3967,0.00098,0
3968,0.00069,0
3969,0.00038,0
3970,0.00184,0
3971,0.00092,0
3972,0.00049,0
3973,0.00025,0
3974,0.00022,0
3975,0.00051,0
3976,0.00029,0
3977,0.0003,0
3978,0.00236,0
3979,0.00025,0
3980,0.00044,0
3981,0.00029,0
3982,0.00044,0
3983,0.00035,0
3984,0.0009,0
3985,0.0006,0
3986,0.00095,0
3987,0.00026,0
3988,0.00027,0
3989,0.00119,0
3990,0.00033,0
3991,0.00025,0
3992,0.00044,0
3993,0.00086,0
3994,0.00025,0
3995,0.0008,0
3996,0.00029,0
3997,0.00047,0
3998,0.00085,0
3999,0.00049,0
4000,0.00024,0
4001,0.00023,0
4002,0.00106,0
4003,0.00197,0
4004,0.00063,0
4005,0.00038,0
4006,0.00094,0
4007,0.00111,0
4008,0.00024,0
4009,0.00285,0
4010,0.00034,0
4011,0.00028,0
4012,0.00098,0
4013,0.00025,0
4014,0.0003,0
4015,0.00033,0
4016,0.00093,0
4017,0.00025,0
4018,0.00021,0
4019,0.0007,0
4020,0.00119,0
4021,0.00128,0
4022,0.00034,0
4023,0.00043,0
4024,0.00022,0
4025,0.00096,0
4026,0.00142,0
4027,0.0003,0
4028,0.0003,0
4029,0.00032,0
4030,0.00042,0
4031,0.00028,0
4032,0.00036,0
4033,0.00038,0
4034,0.00031,0
4035,0.00043,0
4036,0.00029,0
4037,0.00024,0
4038,0.00236,0
4039,0.00024,0
4040,0.00026,0
4041,0.00076,0
4042,0.00025,0
4043,0.00049,0
4044,0.00056,0
4045,0.00051,0
4046,0.00109,0
4047,0.00073,0
4048,0.0005,0
4049,0.00024,0
4050,0.00047,0
4051,0.00032,0
4052,0.00027,0
4053,0.00049,0
4054,0.00155,0
4055,0.00038,0
4056,0.00084,0
4057,0.00025,0
4058,0.00078,0
4059,0.00061,0
4060,0.00109,0
4061,0.0014,0
4062,0.00041,0
4063,0.00071,0
4064,0.00071,0
4065,0.00076,0
4066,0.00032,0
4067,0.00028,0
4068,0.00027,0
4069,0.00031,0
4070,0.00121,0
4071,0.001,0
4072,0.00063,0
4073,0.00061,0
4074,0.00084,0
4075,0.00032,0
4076,0.00029,0
4077,0.00047,0
4078,0.00035,0
4079,0.00042,0
4080,0.0004,0
4081,0.0028,0
4082,0.00049,0
4083,0.00036,0
4084,0.00057,0
4085,0.00077,0
4086,0.00244,0
4087,0.00067,0
4088,0.00277,0
4089,0.00042,0
4090,0.00062,0
4091,0.00024,0
4092,0.00029,0
4093,0.00055,0
4094,0.00095,0
4095,0.00036,0
4096,0.00068,0
4097,0.00031,0
4098,0.00068,0
4099,0.00072,0
4100,0.00037,0
4101,0.00038,0
4102,0.00168,0
4103,0.00339,0
4104,0.00258,0
4105,0.00053,0
4106,0.0013,0
4107,0.00023,0
4108,0.00072,0
4109,0.00029,0
4110,0.00192,0
4111,0.00042,0
4112,0.00022,0
4113,0.00127,0
4114,0.00219,0
4115,0.00046,0
4116,0.00145,0
4117,0.00102,0
4118,0.00066,0
4119,0.00185,0
4120,0.00023,0
4121,0.00115,0
4122,0.00032,0
4123,0.00081,0
4124,0.00213,0
4125,0.00074,0
4126,0.00083,0
4127,0.00238,0
4128,0.00024,0
4129,0.0004,0
4130,0.00091,0
4131,0.0015,0
4132,0.0009,0
4133,0.00133,0
4134,0.00052,0
4135,0.00033,0
4136,0.00026,0
4137,0.00097,0
4138,0.00142,0
4139,0.00085,0
4140,0.00324,0
4141,0.00025,0
4142,0.0006,0
4143,0.00171,0
4144,0.00054,0
4145,0.00041,0
4146,0.00047,0
4147,0.00096,0
4148,0.00093,0
4149,0.00155,0
4150,0.00045,0
4151,0.00113,0
4152,0.00144,0
4153,0.00038,0
4154,0.00038,0
4155,0.00285,0
4156,0.00029,0
4157,0.00026,0
4158,0.00106,0
4159,0.00022,0
4160,0.00047,0
4161,0.00023,0
4162,0.00067,0
4163,0.00027,0
4164,0.00034,0
4165,0.00074,0
4166,0.00028,0
4167,0.00349,0
4168,0.00021,0
4169,0.00044,0
4170,0.00028,0
4171,0.00025,0
4172,0.00051,0
4173,0.00083,0
4174,0.00023,0
4175,0.0007,0
4176,0.00031,0
4177,0.00026,0
4178,0.00049,0
4179,0.00064,0
4180,0.00045,0
4181,0.00023,0
4182,0.00034,0
4183,0.0004,0
4184,0.00265,0
4185,0.00031,0
4186,0.00064,0
4187,0.00067,0
4188,0.00024,0
4189,0.00314,0
4190,0.0004,0
4191,0.00041,0
4192,0.00147,0
4193,0.00026,0
4194,0.0008,0
4195,0.00056,0
4196,0.00034,0
4197,0.00058,0
4198,0.00128,0
4199,0.00073,0
4200,0.00216,0
4201,0.00044,0
4202,0.00121,0
4203,0.00025,0
4204,0.00052,0
4205,0.00069,0
4206,0.00038,0
4207,0.00085,0
4208,0.00398,0
4209,0.00024,0
4210,0.00083,0
4211,0.00032,0
4212,0.00057,0
4213,0.00095,0
4214,0.00025,0
4215,0.00038,0
4216,0.00075,0
4217,0.00029,0
4218,0.00026,0
4219,0.00023,0
4220,0.00113,0
4221,0.00068,0
4222,0.00037,0
4223,0.00034,0
4224,0.00023,0
4225,0.00029,0
4226,0.00024,0
4227,0.00031,0
4228,0.00022,0
4229,0.00024,0
4230,0.00071,0
4231,0.00033,0
4232,0.00208,0
4233,0.00066,0
4234,0.00106,0
4235,0.00066,0
4236,0.00031,0
4237,0.00026,0
4238,0.00037,0
4239,0.0013,0
4240,0.00129,0
4241,0.00031,0
4242,0.00203,0
4243,0.00121,0
4244,0.00032,0
4245,0.00033,0
4246,0.00034,0
4247,0.00029,0
4248,0.00061,0
4249,0.00055,0
4250,0.00045,0
4251,0.00047,0
4252,0.00023,0
4253,0.00026,0
4254,0.0003,0
4255,0.00039,0
4256,0.00059,0
4257,0.00024,0
4258,0.00108,0
4259,0.00104,0
4260,0.00046,0
4261,0.00034,0
4262,0.00075,0
4263,0.00084,0
4264,0.00127,0
4265,0.00026,0
4266,0.00101,0
4267,0.00061,0
4268,0.00129,0
4269,0.00032,0
4270,0.00023,0
4271,0.00078,0
4272,0.00085,0
4273,0.00045,0
4274,0.00054,0
4275,0.00023,0
4276,0.00044,0
4277,0.00044,0
4278,0.00047,0
4279,0.0017,0
4280,0.00057,0
4281,0.0003,0
4282,0.00024,0
4283,0.00024,0
4284,0.00027,0
4285,0.00027,0
4286,0.00052,0
4287,0.00026,0
4288,0.0009,0
4289,0.0004,0
4290,0.0003,0
4291,0.00108,0
4292,0.00038,0
4293,0.00056,0
4294,0.00069,0
4295,0.00069,0
4296,0.00078,0
4297,0.00231,0
4298,0.00036,0
4299,0.00035,0
4300,0.00082,0
4301,0.00043,0
4302,0.00034,0
4303,0.00031,0
4304,0.00027,0
4305,0.00059,0
4306,0.00053,0
4307,0.00041,0
4308,0.00035,0
4309,0.00098,0
4310,0.0004,0
4311,0.00071,0
4312,0.00231,0
4313,0.00042,0
4314,0.00077,0
4315,0.00319,0
4316,0.00117,0
4317,0.0003,0
4318,0.00039,0
4319,0.00101,0
4320,0.00022,0
4321,0.00061,0
4322,0.00053,0
4323,0.0007,0
4324,0.00036,0
4325,0.00044,0
4326,0.00059,0
4327,0.0005,0
4328,0.00034,0
4329,0.00161,0
4330,0.00033,0
4331,0.00065,0
4332,0.00112,0
4333,0.00149,0
4334,0.00049,0
4335,0.00037,0
4336,0.00024,0
4337,0.00056,0
4338,0.00047,0
4339,0.0008,0
4340,0.00093,0
4341,0.00075,0
4342,0.00041,0
4343,0.00022,0
4344,0.00099,0
4345,0.00219,0
4346,0.00034,0
4347,0.00041,0
4348,0.00023,0
4349,0.0002,0
4350,0.00057,0
4351,0.00035,0
4352,0.00042,0
4353,0.0003,0
4354,0.00044,0
4355,0.00087,0
4356,0.00024,0
4357,0.00026,0
4358,0.00079,0
4359,0.00234,0
4360,0.00024,0
4361,0.00066,0
4362,0.00081,0
4363,0.00033,0
4364,0.00125,0
4365,0.00081,0
4366,0.0003,0
4367,0.00026,0
4368,0.00116,0
4369,0.00219,0
4370,0.00034,0
4371,0.00104,0
4372,0.0005,0
4373,0.00096,0
4374,0.00025,0
4375,0.00022,0
4376,0.00031,0
4377,0.00037,0
4378,0.00085,0
4379,0.00173,0
4380,0.00106,0
4381,0.00042,0
4382,0.00046,0
4383,0.00026,0
4384,0.00177,0
4385,0.00057,0
4386,0.0012,0
4387,0.00044,0
4388,0.00063,0
4389,0.00138,0
4390,0.00044,0
4391,0.00023,0
4392,0.00069,0
4393,0.00067,0
4394,0.00088,0
4395,0.00088,0
4396,0.00054,0
4397,0.00036,0
4398,0.00041,0
4399,0.00045,0
4400,0.0006,0
4401,0.00078,0
4402,0.00313,0
4403,0.00064,0
4404,0.00046,0
4405,0.00059,0
4406,0.00069,0
4407,0.0016,0
4408,0.00053,0
4409,0.00064,0
4410,0.00042,0
4411,0.00072,0
4412,0.00059,0
4413,0.00047,0
4414,0.00032,0
4415,0.00072,0
4416,0.00109,0
4417,0.00026,0
4418,0.00022,0
4419,0.0003,0
4420,0.0002,0
4421,0.00037,0
4422,0.00087,0
4423,0.00044,0
4424,0.0009,0
4425,0.00076,0
4426,0.0002,0
4427,0.00022,0
4428,0.0005,0
4429,0.00026,0
4430,0.00056,0
4431,0.00086,0
4432,0.00111,0
4433,0.00047,0
4434,0.00036,0
4435,0.00058,0
4436,0.00068,0
4437,0.00063,0
4438,0.00025,0
4439,0.00066,0
4440,0.00043,0
4441,0.00022,0
4442,0.00036,0
4443,0.00033,0
4444,0.00063,0
4445,0.00023,0
4446,0.00069,0
4447,0.00044,0
4448,0.00061,0
4449,0.00061,0
4450,0.0002,0
4451,0.00025,0
4452,0.00021,0
4453,0.00061,0
4454,0.00033,0
4455,0.00021,0
4456,0.00022,0
4457,0.00119,0
4458,0.00028,0
4459,0.00024,0
4460,0.00024,0
4461,0.00028,0
4462,0.0006,0
4463,0.0008,0
4464,0.00056,0
4465,0.00041,0
4466,0.00025,0
4467,0.00052,0
4468,0.00351,0
4469,0.00045,0
4470,0.0004,0
4471,0.0008,0
4472,0.00027,0
4473,0.00055,0
4474,0.00044,0
4475,0.00039,0
4476,0.00026,0
4477,0.0003,0
4478,0.00112,0
4479,0.00023,0
4480,0.00112,0
4481,0.00056,0
4482,0.00113,0
4483,0.00024,0
4484,0.00041,0
4485,0.00043,0
4486,0.00025,0
4487,0.00104,0
4488,0.00089,0
4489,0.00024,0
4490,0.00097,0
4491,0.00022,0
4492,0.00089,0
4493,0.0004,0
4494,0.00138,0
4495,0.00456,0
4496,0.00047,0
4497,0.00025,0
4498,0.00023,0
4499,0.00022,0
4500,0.00124,0
4501,0.00162,0
4502,0.00021,0
4503,0.00039,0
4504,0.00076,0
4505,0.00024,0
4506,0.00068,0
4507,0.00035,0
4508,0.00023,0
4509,0.0003,0
4510,0.00178,0
4511,0.00061,0
4512,0.00028,0
4513,0.00028,0
4514,0.00077,0
4515,0.00055,0
4516,0.00145,0
4517,0.00041,0
4518,0.00027,0
4519,0.00036,0
4520,0.00031,0
4521,0.00086,0
4522,0.00044,0
4523,0.0019,0
4524,0.0002,0
4525,0.00022,0
4526,0.00128,0
4527,0.00024,0
4528,0.00028,0
4529,0.00074,0
4530,0.00022,0
4531,0.0005,0
4532,0.00223,0
4533,0.0008,0
4534,0.00051,0
4535,0.00079,0
4536,0.0004,0
4537,0.00028,0
4538,0.00065,0
4539,0.0008,0
4540,0.00051,0
4541,0.00025,0
4542,0.00044,0
4543,0.00129,0
4544,0.00092,0
4545,0.0002,0
4546,0.00091,0
4547,0.0002,0
4548,0.00028,0
4549,0.00037,0
4550,0.00025,0
4551,0.00075,0
4552,0.00106,0
4553,0.00036,0
4554,0.00036,0
4555,0.00132,0
4556,0.00025,0
4557,0.00215,0
4558,0.00026,0
4559,0.00047,0
4560,0.00073,0
4561,0.00185,0
4562,0.00032,0
4563,0.00022,0
4564,0.00027,0
4565,0.00069,0
4566,0.00032,0
4567,0.00035,0
4568,0.00041,0
4569,0.00043,0
4570,0.00044,0
4571,0.00042,0
4572,0.00047,0
4573,0.00085,0
4574,0.00027,0
4575,0.00035,0
4576,0.00022,0
4577,0.00031,0
4578,0.00077,0
4579,0.00055,0
4580,0.00049,0
4581,0.0006,0
4582,0.00062,0
4583,0.00027,0
4584,0.0002,0
4585,0.00034,0
4586,0.00069,0
4587,0.00197,0
4588,0.00022,0
4589,0.00052,0
4590,0.00054,0
4591,0.00021,0
4592,0.00226,0
4593,0.00105,0
4594,0.00077,0
4595,0.00063,0
4596,0.00047,0
4597,0.00066,0
4598,0.00079,0
4599,0.00087,0
4600,0.00024,0
4601,0.00033,0
4602,0.00042,0
4603,0.00113,0
4604,0.00025,0
4605,0.00031,0
4606,0.00068,0
4607,0.0006,0
4608,0.00022,0
4609,0.00045,0
4610,0.00023,0
4611,0.00063,0
4612,0.00136,0
4613,0.00056,0
4614,0.0002,0
4615,0.00141,0
4616,0.00049,0
4617,0.00044,0
4618,0.00065,0
4619,0.00092,0
4620,0.00104,0
4621,0.00076,0
4622,0.00049,0
4623,0.00249,0
4624,0.00147,0
4625,0.00062,0
4626,0.00023,0
4627,0.00077,0
4628,0.00131,0
4629,0.00057,0
4630,0.00023,0
4631,0.00024,0
4632,0.0003,0
4633,0.00052,0
4634,0.00023,0
4635,0.00053,0
4636,0.0003,0
4637,0.00028,0
4638,0.00057,0
4639,0.00063,0
4640,0.00046,0
4641,0.00075,0
4642,0.00047,0
4643,0.00042,0
4644,0.00029,0
4645,0.00061,0
4646,0.00239,0
4647,0.00035,0
4648,0.00076,0
4649,0.00033,0
4650,0.00027,0
4651,0.0006,0
4652,0.00109,0
4653,0.0002,0
4654,0.00042,0
4655,0.00048,0
4656,0.00026,0
4657,0.00026,0
4658,0.00056,0
4659,0.0009,0
4660,0.00248,0
4661,0.00045,0
4662,0.00026,0
4663,0.00034,0
4664,0.00072,0
4665,0.00119,0
4666,0.00046,0
4667,0.00147,0
4668,0.00025,0
4669,0.00061,0
4670,0.00029,0
4671,0.00065,0
4672,0.00076,0
4673,0.00094,0
4674,0.00021,0
4675,0.00021,0
4676,0.00101,0
4677,0.00063,0
4678,0.00058,0
4679,0.00043,0
4680,0.00063,0
4681,0.00199,0
4682,0.00059,0
4683,0.0003,0
4684,0.00031,0
4685,0.00221,0
4686,0.00234,0
4687,0.00044,0
4688,0.00037,0
4689,0.00383,0
4690,0.00025,0
4691,0.00028,0
4692,0.00027,0
4693,0.00031,0
4694,0.00045,0
4695,0.00174,0
4696,0.00072,0
4697,0.00072,0
4698,0.00021,0
4699,0.00169,0
4700,0.00112,0
4701,0.00091,0
4702,0.0008,0
4703,0.00065,0
4704,0.00038,0
4705,0.00284,0
4706,0.00024,0
4707,0.00036,0
4708,0.00085,0
4709,0.001,0
4710,0.00033,0
4711,0.00081,0
4712,0.00024,0
4713,0.00028,0
4714,0.00055,0
4715,0.00025,0
4716,0.00023,0
4717,0.00025,0
4718,0.00022,0
4719,0.00027,0
4720,0.0003,0
4721,0.00101,0
4722,0.00028,0
4723,0.00084,0
4724,0.0006,0
4725,0.00028,0
4726,0.00056,0
4727,0.00021,0
4728,0.00098,0
4729,0.00038,0
4730,0.00159,0
4731,0.00052,0
4732,0.0038,0
4733,0.00078,0
4734,0.00059,0
4735,0.00066,0
4736,0.0005,0
4737,0.00038,0
4738,0.00078,0
4739,0.00066,0
4740,0.00098,0
4741,0.00057,0
4742,0.00079,0
4743,0.00045,0
4744,0.00044,0
4745,0.00021,0
4746,0.0005,0
4747,0.00049,0
4748,0.0007,0
4749,0.00019,0
4750,0.00027,0
4751,0.00245,0
4752,0.0014,0
4753,0.00234,0
4754,0.00023,0
4755,0.00056,0
4756,0.00028,0
4757,0.00075,0
4758,0.00023,0
4759,0.00061,0
4760,0.00028,0
4761,0.0007,0
4762,0.00086,0
4763,0.00024,0
4764,0.00052,0
4765,0.00031,0
4766,0.00025,0
4767,0.00029,0
4768,0.0003,0
4769,0.0009,0
4770,0.00045,0
4771,0.00089,0
4772,0.00053,0
4773,0.00045,0
4774,0.00052,0
4775,0.00023,0
4776,0.00066,0
4777,0.00052,0
4778,0.00046,0
4779,0.00036,0
4780,0.00037,0
4781,0.00032,0
4782,0.00044,0
4783,0.00095,0
4784,0.00029,0
4785,0.00185,0
4786,0.0013,0
4787,0.00049,0
4788,0.00024,0
4789,0.00122,0
4790,0.00025,0
4791,0.0021,0
4792,0.0006,0
4793,0.0002,0
4794,0.00052,0
4795,0.00077,0
4796,0.0003,0
4797,0.00174,0
4798,0.00129,0
4799,0.00036,0
4800,0.0005,0
4801,0.00041,0
4802,0.00096,0
4803,0.00058,0
4804,0.00071,0
4805,0.00025,0
4806,0.00069,0
4807,0.00061,0
4808,0.00024,0
4809,0.00022,0
4810,0.00026,0
4811,0.0002,0
4812,0.00029,0
4813,0.00108,0
4814,0.00072,0
4815,0.00057,0
4816,0.0007,0
4817,0.00031,0
4818,0.00028,0
4819,0.00024,0
4820,0.0003,0
4821,0.00031,0
4822,0.00076,0
4823,0.00032,0
4824,0.00107,0
4825,0.00022,0
4826,0.00023,0
4827,0.0008,0
4828,0.00036,0
4829,0.00082,0
4830,0.00019,0
4831,0.00113,0
4832,0.00025,0
4833,0.00038,0
4834,0.00059,0
4835,0.00052,0
4836,0.00021,0
4837,0.00084,0
4838,0.00032,0
4839,0.00093,0
4840,0.00216,0
4841,0.00049,0
4842,0.00083,0
4843,0.00025,0
4844,0.00026,0
4845,0.00051,0
4846,0.00112,0
4847,0.00024,0
4848,0.00026,0
4849,0.00055,0
4850,0.00102,0
4851,0.00071,0
4852,0.00048,0
4853,0.00034,0
4854,0.00028,0
4855,0.00086,0
4856,0.0006,0
4857,0.00066,0
4858,0.0005,0
4859,0.00306,0
4860,0.00045,0
4861,0.00215,0
4862,0.00028,0
4863,0.00063,0
4864,0.00249,0
4865,0.0006,0
4866,0.00041,0
4867,0.00099,0
4868,0.00386,0
4869,0.00042,0
4870,0.00038,0
4871,0.00178,0
4872,0.0003,0
4873,0.00077,0
4874,0.00245,0
4875,0.00025,0
4876,0.00049,0
4877,0.00138,0
4878,0.00053,0
4879,0.00021,0
4880,0.00031,0
4881,0.00059,0
4882,0.00031,0
4883,0.0004,0
4884,0.00028,0
4885,0.00057,0
4886,0.00068,0
4887,0.0003,0
4888,0.0002,0
4889,0.00059,0
4890,0.00027,0
4891,0.00022,0
4892,0.00047,0
4893,0.00044,0
4894,0.00025,0
4895,0.00039,0
4896,0.00025,0
4897,0.00046,0
4898,0.00025,0
4899,0.00031,0
4900,0.00058,0
4901,0.0006,0
4902,0.00023,0
4903,0.0009,0
4904,0.00042,0
4905,0.0003,0
4906,0.00029,0
4907,0.00021,0
4908,0.00033,0
4909,0.0003,0
4910,0.00116,0
4911,0.00087,0
4912,0.00035,0
4913,0.00021,0
4914,0.00053,0
4915,0.00123,0
4916,0.00145,0
4917,0.0003,0
4918,0.00024,0
4919,0.00027,0
4920,0.00024,0
4921,0.00029,0
4922,0.00189,0
4923,0.00026,0
4924,0.00026,0
4925,0.0006,0
4926,0.00096,0
4927,0.00025,0
4928,0.00022,0
4929,0.00022,0
4930,0.00368,0
4931,0.00025,0
4932,0.00032,0
4933,0.00057,0
4934,0.00027,0
4935,0.0004,0
4936,0.00033,0
4937,0.00032,0
4938,0.00061,0
4939,0.00056,0
4940,0.00026,0
4941,0.00045,0
4942,0.00157,0
4943,0.00064,0
4944,0.00028,0
4945,0.00036,0
4946,0.00023,0
4947,0.00042,0
4948,0.00026,0
4949,0.00162,0
4950,0.00032,0
4951,0.00032,0
4952,0.0002,0
4953,0.00021,0
4954,0.00031,0
4955,0.00026,0
4956,0.00053,0
4957,0.0006,0
4958,0.00118,0
4959,0.00037,0
4960,0.00084,0
4961,0.00024,0
4962,0.00024,0
4963,0.00029,0
4964,0.00301,0
4965,0.00064,0
4966,0.00023,0
4967,0.00136,0
4968,0.0003,0
4969,0.00069,0
4970,0.00108,0
4971,0.00053,0
4972,0.00052,0
4973,0.00024,0
4974,0.0004,0
4975,0.00036,0
4976,0.00072,0
4977,0.00051,0
4978,0.00037,0
4979,0.00065,0
4980,0.00372,0
4981,0.0005,0
4982,0.00029,0
4983,0.00042,0
4984,0.00035,0
4985,0.00023,0
4986,0.00055,0
4987,0.0013,0
4988,0.00155,0
4989,0.00049,0
4990,0.00069,0
4991,0.00025,0
4992,0.00041,0
4993,0.00021,0
4994,0.00021,0
4995,0.00194,0
4996,0.00023,0
4997,0.00068,0
4998,0.00036,0
4999,0.00065,0
5000,0.00035,0
5001,0.00067,0
5002,0.00149,0
5003,0.00062,0
5004,0.00036,0
5005,0.00099,0
5006,0.00052,0
5007,0.00089,0
5008,0.00026,0
5009,0.00022,0
5010,0.00026,0
5011,0.00081,0
5012,0.00022,0
5013,0.00055,0
5014,0.00067,0
5015,0.00097,0
5016,0.0002,0
5017,0.00126,0
5018,0.00034,0
5019,0.00073,0
5020,0.00033,0
5021,0.00068,0
5022,0.00059,0
5023,0.00044,0
5024,0.00028,0
5025,0.0008,0
5026,0.00137,0
5027,0.00072,0
5028,0.00026,0
5029,0.00027,0
5030,0.00062,0
5031,0.00048,0
5032,0.00086,0
5033,0.00139,0
5034,0.00028,0
5035,0.00044,0
5036,0.00059,0
5037,0.00031,0
5038,0.00105,0
5039,0.00026,0
5040,0.00113,0
5041,0.00144,0
5042,0.00081,0
5043,0.00092,0
5044,0.00084,0
5045,0.00049,0
5046,0.00025,0
5047,0.00023,0
5048,0.00067,0
5049,0.00038,0
5050,0.0003,0
5051,0.00022,0
5052,0.00042,0
5053,0.00023,0
5054,0.00044,0
5055,0.00066,0
5056,0.00072,0
5057,0.0003,0
5058,0.00024,0
5059,0.00073,0
5060,0.00066,0
5061,0.00046,0
5062,0.00054,0
5063,0.00028,0
5064,0.00028,0
5065,0.00063,0
5066,0.00023,0
5067,0.00029,0
5068,0.00065,0
5069,0.00027,0
5070,0.00027,0
5071,0.00055,0
5072,0.00091,0
5073,0.00029,0
5074,0.00028,0
5075,0.00022,0
5076,0.00033,0
5077,0.00035,0
5078,0.00071,0
5079,0.00067,0
5080,0.00032,0
5081,0.0009,0
5082,0.00058,0
5083,0.00024,0
5084,0.00052,0
5085,0.00098,0
5086,0.00026,0
5087,0.00021,0
5088,0.0007,0
5089,0.00106,0
5090,0.00329,0
5091,0.00026,0
5092,0.00262,0
5093,0.00066,0
5094,0.00025,0
5095,0.00029,0
5096,0.00032,0
5097,0.00034,0
5098,0.00084,0
5099,0.00051,0
5100,0.00074,0
5101,0.00321,0
5102,0.00167,0
5103,0.00089,0
5104,0.00109,0
5105,0.00333,0
5106,0.00249,0
5107,0.00026,0
5108,0.00051,0
5109,0.00043,0
5110,0.00108,0
5111,0.00034,0
5112,0.00156,0
5113,0.00033,0
5114,0.00106,0
5115,0.00025,0
5116,0.00022,0
5117,0.00074,0
5118,0.00024,0
5119,0.00104,0
5120,0.00057,0
5121,0.00081,0
5122,0.00025,0
5123,0.0013,0
5124,0.00033,0
5125,0.00276,0
5126,0.00105,0
5127,0.00062,0
5128,0.00023,0
5129,0.00049,0
5130,0.00106,0
5131,0.00054,0
5132,0.00114,0
5133,0.00064,0
5134,0.00028,0
5135,0.00042,0
5136,0.00058,0
5137,0.00023,0
5138,0.0006,0
5139,0.00028,0
5140,0.00049,0
5141,0.0002,0
5142,0.00043,0
5143,0.00128,0
5144,0.00025,0
5145,0.00297,0
5146,0.00022,0
5147,0.00263,0
5148,0.00023,0
5149,0.00153,0
5150,0.00022,0
5151,0.00024,0
5152,0.00026,0
5153,0.00029,0
5154,0.0002,0
5155,0.00033,0
5156,0.00144,0
5157,0.00092,0
5158,0.00048,0
5159,0.00117,0
5160,0.00164,0
5161,0.00046,0
5162,0.00024,0
5163,0.00026,0
5164,0.0003,0
5165,0.00057,0
5166,0.0015,0
5167,0.00024,0
5168,0.00065,0
5169,0.00035,0
5170,0.00063,0
5171,0.00022,0
5172,0.00036,0
5173,0.00082,0
5174,0.00104,0
5175,0.00293,0
5176,0.00085,0
5177,0.00051,0
5178,0.00108,0
5179,0.00051,0
5180,0.00026,0
5181,0.00172,0
5182,0.00112,0
5183,0.0005,0
5184,0.00056,0
5185,0.00026,0
5186,0.00034,0
5187,0.00049,0
5188,0.00055,0
5189,0.00076,0
5190,0.00157,0
5191,0.00041,0
5192,0.00064,0
5193,0.00032,0
5194,0.00057,0
5195,0.00026,0
5196,0.00044,0
5197,0.00053,0
5198,0.00065,0
5199,0.00062,0
5200,0.00026,0
5201,0.0005,0
5202,0.00105,0
5203,0.0008,0
5204,0.00133,0
5205,0.00023,0
5206,0.00039,0
5207,0.00242,0
5208,0.00029,0
5209,0.00063,0
5210,0.00027,0
5211,0.00025,0
5212,0.00046,0
5213,0.00032,0
5214,0.00097,0
5215,0.00194,0
5216,0.00184,0
5217,0.00205,0
5218,0.00044,0
5219,0.00068,0
5220,0.0002,0
5221,0.00027,0
5222,0.00021,0
5223,0.00104,0
5224,0.00027,0
5225,0.00036,0
5226,0.0003,0
5227,0.00019,0
5228,0.00086,0
5229,0.00024,0
5230,0.00025,0
5231,0.00028,0
5232,0.00026,0
5233,0.00124,0
5234,0.00024,0
5235,0.00028,0
5236,0.0012,0
5237,0.00037,0
5238,0.00162,0
5239,0.00041,0
5240,0.00024,0
5241,0.00026,0
5242,0.00049,0
5243,0.00074,0
5244,0.0003,0
5245,0.00024,0
5246,0.00082,0
5247,0.00023,0
5248,0.00035,0
5249,0.00107,0
5250,0.00158,0
5251,0.00022,0
5252,0.00028,0
5253,0.00069,0
5254,0.00034,0
5255,0.00091,0
5256,0.00032,0
5257,0.00032,0
5258,0.00034,0
5259,0.00117,0
5260,0.00054,0
5261,0.00059,0
5262,0.00039,0
5263,0.00029,0
5264,0.0004,0
5265,0.00088,0
5266,0.00021,0
5267,0.00047,0
5268,0.00029,0
5269,0.00046,0
5270,0.00027,0
5271,0.00038,0
5272,0.00064,0
5273,0.00045,0
5274,0.00026,0
5275,0.00139,0
5276,0.00021,0
5277,0.00121,0
5278,0.00113,0
5279,0.00023,0
5280,0.0006,0
5281,0.00075,0
5282,0.00023,0
5283,0.00099,0
5284,0.00023,0
5285,0.00055,0
5286,0.00024,0
5287,0.00091,0
5288,0.00052,0
5289,0.0002,0
5290,0.0003,0
5291,0.00114,0
5292,0.00049,0
5293,0.00034,0
5294,0.00164,0
5295,0.00026,0
5296,0.00045,0
5297,0.00081,0
5298,0.00077,0
5299,0.00028,0
5300,0.00097,0
5301,0.00075,0
5302,0.00078,0
5303,0.00123,0
5304,0.00073,0
5305,0.00072,0
5306,0.0004,0
5307,0.00019,0
5308,0.00171,0
5309,0.00072,0
5310,0.00034,0
5311,0.00024,0
5312,0.00028,0
5313,0.00081,0
5314,0.00055,0
5315,0.00024,0
5316,0.0004,0
5317,0.0005,0
5318,0.00025,0
5319,0.0006,0
5320,0.00093,0
5321,0.0006,0
5322,0.00038,0
5323,0.00035,0
5324,0.00084,0
5325,0.00031,0
5326,0.00028,0
5327,0.00087,0
5328,0.00023,0
5329,0.00042,0
5330,0.00026,0
5331,0.00065,0
5332,0.00023,0
5333,0.00097,0
5334,0.00026,0
5335,0.0011,0
5336,0.00134,0
5337,0.00219,0
5338,0.00034,0
5339,0.00124,0
5340,0.00091,0
5341,0.00022,0
5342,0.00031,0
5343,0.00096,0
5344,0.00026,0
5345,0.00074,0
5346,0.0003,0
5347,0.00053,0
5348,0.00126,0
5349,0.00024,0
5350,0.00027,0
5351,0.00065,0
5352,0.00118,0
5353,0.00075,0
5354,0.00055,0
5355,0.00058,0
5356,0.00198,0
5357,0.00026,0
5358,0.00059,0
5359,0.00032,0
5360,0.00252,0
5361,0.00128,0
5362,0.00047,0
5363,0.00024,0
5364,0.00044,0
5365,0.00026,0
5366,0.00084,0
5367,0.00232,0
5368,0.00055,0
5369,0.00055,0
5370,0.00023,0
5371,0.00075,0
5372,0.00065,0
5373,0.00076,0
5374,0.00137,0
5375,0.00061,0
5376,0.00025,0
5377,0.00027,0
5378,0.00028,0
5379,0.0009,0
5380,0.00059,0
5381,0.00022,0
5382,0.00026,0
5383,0.00025,0
5384,0.00027,0
5385,0.00136,0
5386,0.00067,0
5387,0.00129,0
5388,0.00081,0
5389,0.00357,0
5390,0.0002,0
5391,0.0009,0
5392,0.00023,0
5393,0.0003,0
5394,0.00092,0
5395,0.00042,0
5396,0.00114,0
5397,0.00023,0
5398,0.00109,0
5399,0.00026,0
5400,0.00043,0
5401,0.00112,0
5402,0.00043,0
5403,0.00067,0
5404,0.00167,0
5405,0.00028,0
5406,0.00038,0
5407,0.00078,0
5408,0.00026,0
5409,0.00053,0
5410,0.00052,0
5411,0.0004,0
5412,0.00052,0
5413,0.00026,0
5414,0.00201,0
5415,0.00045,0
5416,0.00147,0
5417,0.00028,0
5418,0.0009,0
5419,0.00123,0
5420,0.00103,0
5421,0.00138,0
5422,0.00049,0
5423,0.00024,0
5424,0.00088,0
5425,0.00068,0
5426,0.00088,0
5427,0.00037,0
5428,0.00023,0
5429,0.00053,0
5430,0.00029,0
5431,0.00025,0
5432,0.00043,0
5433,0.00072,0
5434,0.0006,0
5435,0.00027,0
5436,0.00031,0
5437,0.0014,0
5438,0.00023,0
5439,0.00024,0
5440,0.0007,0
5441,0.00084,0
5442,0.0005,0
5443,0.00054,0
5444,0.00024,0
5445,0.0002,0
5446,0.0002,0
5447,0.00038,0
5448,0.00109,0
5449,0.00073,0
5450,0.00141,0
5451,0.00085,0
5452,0.00151,0
5453,0.00031,0
5454,0.00046,0
5455,0.00058,0
5456,0.00431,0
5457,0.00022,0
5458,0.00134,0
5459,0.00039,0
5460,0.00024,0
5461,0.00211,0
5462,0.0002,0
5463,0.00104,0
5464,0.00085,0
5465,0.0006,0
5466,0.00044,0
5467,0.00063,0
5468,0.00085,0
5469,0.00111,0
5470,0.00087,0
5471,0.00021,0
5472,0.00106,0
5473,0.00028,0
5474,0.00094,0
5475,0.00028,0
5476,0.00026,0
5477,0.00037,0
5478,0.00023,0
5479,0.00021,0
5480,0.00051,0
5481,0.00072,0
5482,0.00029,0
5483,0.00067,0
5484,0.0008,0
5485,0.00024,0
5486,0.00086,0
5487,0.00041,0
5488,0.00032,0
5489,0.00033,0
5490,0.00026,0
5491,0.00091,0
5492,0.00023,0
5493,0.00139,0
5494,0.00053,0
5495,0.00022,0
5496,0.00209,0
5497,0.0012,0
5498,0.00059,0
5499,0.00031,0
5500,0.00105,0
5501,0.00031,0
5502,0.00037,0
5503,0.00025,0
5504,0.00024,0
5505,0.00045,0
5506,0.00166,0
5507,0.00104,0
5508,0.00136,0
5509,0.00043,0
5510,0.00194,0
5511,0.00042,0
5512,0.00039,0
5513,0.00039,0
5514,0.00069,0
5515,0.00066,0
5516,0.00038,0
5517,0.00028,0
5518,0.00053,0
5519,0.00132,0
5520,0.00085,0
5521,0.00065,0
5522,0.00046,0
5523,0.0005,0
5524,0.00108,0
5525,0.0003,0
5526,0.00019,0
5527,0.00249,0
5528,0.00116,0
5529,0.00063,0
5530,0.00101,0
5531,0.00024,0
5532,0.00057,0
5533,0.00059,0
5534,0.00071,0
5535,0.00098,0
5536,0.00029,0
5537,0.00023,0
5538,0.00026,0
5539,0.00066,0
5540,0.00141,0
5541,0.00065,0
5542,0.00022,0
5543,0.00021,0
5544,0.00021,0
5545,0.00022,0
5546,0.00082,0
5547,0.0003,0
5548,0.00044,0
5549,0.00128,0
5550,0.00062,0
5551,0.0004,0
5552,0.00026,0
5553,0.00228,0
5554,0.00072,0
5555,0.0004,0
5556,0.0008,0
5557,0.00028,0
5558,0.00038,0
5559,0.00128,0
5560,0.00048,0
5561,0.00021,0
5562,0.00021,0
5563,0.00021,0
5564,0.001,0
5565,0.00042,0
5566,0.00085,0
5567,0.00063,0
5568,0.00257,0
5569,0.00053,0
5570,0.00023,0
5571,0.00058,0
5572,0.00106,0
5573,0.00023,0
5574,0.00221,0
5575,0.00029,0
5576,0.00058,0
5577,0.00035,0
5578,0.0015,0
5579,0.00023,0
5580,0.00042,0
5581,0.00067,0
5582,0.00021,0
5583,0.00367,0
5584,0.0012,0
5585,0.00044,0
5586,0.00084,0
5587,0.00028,0
5588,0.0002,0
5589,0.00118,0
5590,0.00075,0
5591,0.00102,0
5592,0.00025,0
5593,0.0007,0
5594,0.00031,0
5595,0.00025,0
5596,0.00037,0
5597,0.00262,0
5598,0.00057,0
5599,0.00081,0
5600,0.00076,0
5601,0.00024,0
5602,0.00091,0
5603,0.00025,0
5604,0.00049,0
5605,0.00077,0
5606,0.00067,0
5607,0.00052,0
5608,0.00034,0
5609,0.00048,0
5610,0.00112,0
5611,0.00069,0
5612,0.00108,0
5613,0.00027,0
5614,0.00029,0
5615,0.00119,0
5616,0.00068,0
5617,0.00033,0
5618,0.00022,0
5619,0.00037,0
5620,0.00068,0
5621,0.00082,0
5622,0.00034,0
5623,0.0008,0
5624,0.00095,0
5625,0.00048,0
5626,0.00157,0
5627,0.00026,0
5628,0.00053,0
5629,0.00051,0
5630,0.00064,0
5631,0.00054,0
5632,0.00038,0
5633,0.00021,0
5634,0.00121,0
5635,0.00028,0
5636,0.0003,0
5637,0.00022,0
5638,0.00042,0
5639,0.00044,0
5640,0.00041,0
5641,0.00069,0
5642,0.00057,0
5643,0.00033,0
5644,0.00022,0
5645,0.00349,0
5646,0.00022,0
5647,0.00025,0
5648,0.00032,0
5649,0.00199,0
5650,0.00066,0
5651,0.00069,0
5652,0.00046,0
5653,0.00096,0
5654,0.00036,0
5655,0.00062,0
5656,0.00028,0
5657,0.00111,0
5658,0.00021,0
5659,0.00024,0
5660,0.00059,0
5661,0.00034,0
5662,0.0003,0
5663,0.0002,0
5664,0.00033,0
5665,0.00088,0
5666,0.00066,0
5667,0.00021,0
5668,0.00028,0
5669,0.0005,0
5670,0.00028,0
5671,0.00048,0
5672,0.00031,0
5673,0.00027,0
5674,0.00064,0
5675,0.00026,0
5676,0.00187,0
5677,0.00078,0
5678,0.00033,0
5679,0.00131,0
5680,0.00063,0
5681,0.00076,0
5682,0.00063,0
5683,0.00091,0
5684,0.00068,0
5685,0.00022,0
5686,0.00021,0
5687,0.00032,0
5688,0.00067,0
5689,0.00049,0
5690,0.00032,0
5691,0.00073,0
5692,0.00082,0
5693,0.0004,0
5694,0.00174,0
5695,0.00043,0
5696,0.00028,0
5697,0.00102,0
5698,0.00043,0
5699,0.00024,0
5700,0.0002,0
5701,0.00025,0
5702,0.00067,0
5703,0.00046,0
5704,0.00027,0
5705,0.00068,0
5706,0.0005,0
5707,0.00065,0
5708,0.00033,0
5709,0.00049,0
5710,0.00026,0
5711,0.00027,0
5712,0.00111,0
5713,0.00055,0
5714,0.00042,0
5715,0.00122,0
5716,0.00023,0
5717,0.00057,0
5718,0.00027,0
5719,0.00045,0
5720,0.00026,0
5721,0.00093,0
5722,0.0002,0
5723,0.00087,0
5724,0.0004,0
5725,0.0002,0
5726,0.00155,0
5727,0.00021,0
5728,0.00054,0
5729,0.00074,0
5730,0.00097,0
5731,0.00036,0
5732,0.0002,0
5733,0.00023,0
5734,0.00133,0
5735,0.00085,0
5736,0.00022,0
5737,0.00028,0
5738,0.00027,0
5739,0.00049,0
5740,0.00078,0
5741,0.00031,0
5742,0.00071,0
5743,0.00041,0
5744,0.00065,0
5745,0.00021,0
5746,0.0002,0
5747,0.00077,0
5748,0.00298,0
5749,0.0002,0
5750,0.0003,0
5751,0.00055,0
5752,0.00039,0
5753,0.00023,0
5754,0.00044,0
5755,0.00022,0
5756,0.00206,0
5757,0.00053,0
5758,0.00035,0
5759,0.00019,0
5760,0.00024,0
5761,0.00059,0
5762,0.00027,0
5763,0.00062,0
5764,0.00058,0
5765,0.00306,0
5766,0.00069,0
5767,0.00052,0
5768,0.00036,0
5769,0.00055,0
5770,0.00026,0
5771,0.00022,0
5772,0.00041,0
5773,0.00022,0
5774,0.00026,0
5775,0.00163,0
5776,0.00024,0
5777,0.00028,0
5778,0.00116,0
5779,0.00029,0
5780,0.0003,0
5781,0.00029,0
5782,0.00025,0
5783,0.001,0
5784,0.00027,0
5785,0.00024,0
5786,0.00148,0
5787,0.00079,0
5788,0.00023,0
5789,0.00025,0
5790,0.00025,0
5791,0.00085,0
5792,0.00043,0
5793,0.00043,0
5794,0.00105,0
5795,0.00046,0
5796,0.00072,0
5797,0.00044,0
5798,0.00075,0
5799,0.00043,0
5800,0.00045,0
5801,0.00054,0
5802,0.00053,0
5803,0.00029,0
5804,0.00039,0
5805,0.0003,0
5806,0.00151,0
5807,0.00103,0
5808,0.00025,0
5809,0.00046,0
5810,0.00086,0
5811,0.00021,0
5812,0.00028,0
5813,0.00024,0
5814,0.0014,0
5815,0.00032,0
5816,0.00058,0
5817,0.00056,0
5818,0.00024,0
5819,0.00026,0
5820,0.00109,0
5821,0.00049,0
5822,0.00033,0
5823,0.00024,0
5824,0.00517,0
5825,0.00317,0
5826,0.00048,0
5827,0.00065,0
5828,0.00108,0
5829,0.00036,0
5830,0.00035,0
5831,0.00031,0
5832,0.00048,0
5833,0.00057,0
5834,0.00021,0
5835,0.00039,0
5836,0.00114,0
5837,0.00028,0
5838,0.00047,0
5839,0.00052,0
5840,0.00024,0
5841,0.00505,0
5842,0.00113,0
5843,0.00184,0
5844,0.00048,0
5845,0.00025,0
5846,0.00032,0
5847,0.00045,0
5848,0.00054,0
5849,0.0003,0
5850,0.0003,0
5851,0.00025,0
5852,0.00027,0
5853,0.00292,0
5854,0.00024,0
5855,0.00034,0
5856,0.0004,0
5857,0.00052,0
5858,0.00239,0
5859,0.00064,0
5860,0.00139,0
5861,0.00096,0
5862,0.00043,0
5863,0.00026,0
5864,0.00094,0
5865,0.00028,0
5866,0.00023,0
5867,0.00022,0
5868,0.00036,0
5869,0.00024,0
5870,0.00081,0
5871,0.00296,0
5872,0.00028,0
5873,0.00025,0
5874,0.00083,0
5875,0.00024,0
5876,0.0004,0
5877,0.00025,0
5878,0.00024,0
5879,0.00191,0
5880,0.00024,0
5881,0.00095,0
5882,0.00168,0
5883,0.00037,0
5884,0.00108,0
5885,0.00052,0
5886,0.00067,0
5887,0.00076,0
5888,0.00033,0
5889,0.00082,0
5890,0.0002,0
5891,0.00052,0
5892,0.00238,0
5893,0.0002,0
5894,0.0019,0
5895,0.00112,0
5896,0.00068,0
5897,0.00044,0
5898,0.00029,0
5899,0.00049,0
5900,0.00023,0
5901,0.00056,0
5902,0.00046,0
5903,0.00023,0
5904,0.00051,0
5905,0.00026,0
5906,0.00037,0
5907,0.00022,0
5908,0.00041,0
5909,0.00042,0
5910,0.00026,0
5911,0.0002,0
5912,0.00026,0
5913,0.00203,0
5914,0.00041,0
5915,0.00021,0
5916,0.00028,0
5917,0.00107,0
5918,0.00044,0
5919,0.00054,0
5920,0.00049,0
5921,0.00059,0
5922,0.00089,0
5923,0.00056,0
5924,0.00048,0
5925,0.00026,0
5926,0.00031,0
5927,0.00068,0
5928,0.00096,0
5929,0.00176,0
5930,0.00113,0
5931,0.00047,0
5932,0.00196,0
5933,0.00051,0
5934,0.00036,0
5935,0.00022,0
5936,0.00022,0
5937,0.00299,0
5938,0.00025,0
5939,0.00148,0
5940,0.00033,0
5941,0.00025,0
5942,0.00038,0
5943,0.0002,0
5944,0.00031,0
5945,0.00026,0
5946,0.00191,0
5947,0.00021,0
5948,0.00039,0
5949,0.00052,0
5950,0.00023,0
5951,0.00026,0
5952,0.00048,0
5953,0.00094,0
5954,0.00022,0
5955,0.00069,0
5956,0.00065,0
5957,0.00045,0
5958,0.00111,0
5959,0.00078,0
5960,0.00026,0
5961,0.00024,0
5962,0.00025,0
5963,0.0003,0
5964,0.00097,0
5965,0.00023,0
5966,0.00028,0
5967,0.00059,0
5968,0.00026,0
5969,0.0002,0
5970,0.00051,0
5971,0.00043,0
5972,0.00226,0
5973,0.00064,0
5974,0.00028,0
5975,0.00036,0
5976,0.00023,0
5977,0.00069,0
5978,0.00033,0
5979,0.0011,0
5980,0.00042,0
5981,0.00031,0
5982,0.00086,0
5983,0.00174,0
5984,0.00021,0
5985,0.00059,0
5986,0.00056,0
5987,0.00026,0
5988,0.00144,0
5989,0.00029,0
5990,0.00036,0
5991,0.00029,0
5992,0.00028,0
5993,0.00045,0
5994,0.0002,0
5995,0.00022,0
5996,0.00077,0
5997,0.00026,0
5998,0.00045,0
5999,0.00333,0
